432 66 1090 1800 
514 76 1070 1980 
504 76 1070 1960 
496 76 1070 1940 
468 78 1070 1880 
460 76 1070 1860 
414 78 1070 1760 
406 78 1070 1740 
354 78 1070 1620 
328 76 1070 1560 
320 78 1070 1540 
302 78 1070 1500 
294 76 1070 1480 
276 76 1070 1440 
242 76 1070 1360 
224 76 1070 1320 
172 72 1070 1200 
136 72 1070 1120 
126 70 1070 1100 
118 70 1070 1080 
100 68 1070 1040 
92 68 1070 1020 
80 68 1070 1000 
522 86 1050 2000 
514 84 1050 1980 
504 84 1050 1960 
496 86 1050 1940 
478 86 1050 1900 
468 86 1050 1880 
458 86 1050 1860 
398 86 1050 1720 
380 86 1050 1680 
372 86 1050 1660 
362 86 1050 1640 
354 86 1050 1620 
328 86 1050 1560 
320 86 1050 1540 
310 86 1050 1520 
302 84 1050 1500 
294 86 1050 1480 
268 84 1050 1420 
260 84 1050 1400 
250 84 1050 1380 
224 84 1050 1320 
200 82 1050 1260 
190 82 1050 1240 
156 82 1050 1160 
128 80 1050 1100 
100 78 1050 1040 
80 76 1050 1000 
522 94 1030 2000 
514 94 1030 1980 
504 94 1030 1960 
476 94 1030 1900 
468 94 1030 1880 
460 94 1030 1860 
450 94 1030 1840 
440 94 1030 1820 
432 94 1030 1800 
414 94 1030 1760 
396 94 1030 1720 
388 96 1030 1700 
380 96 1030 1680 
336 96 1030 1580 
328 96 1030 1560 
320 94 1030 1540 
312 94 1030 1520 
302 94 1030 1500 
276 94 1030 1440 
260 94 1030 1400 
250 92 1030 1380 
224 92 1030 1320 
198 92 1030 1260 
190 92 1030 1240 
172 92 1030 1200 
164 92 1030 1180 
154 90 1030 1160 
126 88 1030 1100 
116 88 1030 1080 
514 104 1010 1980 
504 104 1010 1960 
476 104 1010 1900 
468 104 1010 1880 
424 104 1010 1780 
414 104 1010 1760 
388 104 1010 1700 
372 104 1010 1660 
362 104 1010 1640 
346 104 1010 1600 
336 106 1010 1580 
328 104 1010 1560 
320 104 1010 1540 
302 102 1010 1500 
276 102 1010 1440 
268 102 1010 1420 
232 102 1010 1340 
224 102 1010 1320 
214 100 1010 1300 
206 100 1010 1280 
180 100 1010 1220 
126 98 1010 1100 
118 98 1010 1080 
82 94 1010 1000 
522 112 990 2000 
514 112 990 1980 
504 112 990 1960 
478 112 990 1900 
468 112 990 1880 
460 112 990 1860 
442 112 990 1820 
432 112 990 1800 
398 112 990 1720 
388 114 990 1700 
372 114 990 1660 
362 112 990 1640 
250 76 1070 1380 
346 114 990 1600 
328 112 990 1560 
320 114 990 1540 
312 112 990 1520 
294 112 990 1480 
286 112 990 1460 
276 112 990 1440 
268 110 990 1420 
232 110 990 1340 
216 110 990 1300 
208 110 990 1280 
198 108 990 1260 
188 108 990 1240 
180 108 990 1220 
406 114 990 1740 
144 106 990 1140 
136 106 990 1120 
126 108 990 1100 
108 106 990 1060 
514 122 970 1980 
504 122 970 1960 
468 122 970 1880 
432 120 970 1800 
424 122 970 1780 
414 122 970 1760 
406 122 970 1740 
380 122 970 1680 
346 122 970 1600 
302 122 970 1500 
276 120 970 1440 
250 120 970 1380 
234 120 970 1340 
208 118 970 1280 
198 120 970 1260 
180 118 970 1220 
172 118 970 1200 
160 118 970 1180 
154 116 970 1160 
126 116 970 1100 
118 116 970 1080 
208 84 1050 1280 
100 114 970 1040 
90 114 970 1020 
80 114 970 1000 
514 130 950 1980 
504 130 950 1960 
496 130 950 1940 
486 132 950 1920 
478 132 950 1900 
450 130 950 1840 
442 130 950 1820 
432 132 950 1800 
424 130 950 1780 
406 132 950 1740 
388 132 950 1700 
372 132 950 1660 
354 132 950 1620 
328 130 950 1560 
302 130 950 1500 
276 130 950 1440 
260 130 950 1400 
388 122 970 1700 
242 128 950 1360 
224 128 950 1320 
214 130 950 1300 
208 128 950 1280 
108 70 1070 1060 
198 128 950 1260 
180 128 950 1220 
170 126 950 1200 
162 126 950 1180 
154 126 950 1160 
126 124 950 1100 
450 78 1070 1840 
118 124 950 1080 
90 124 950 1020 
80 122 950 1000 
522 140 930 2000 
514 140 930 1980 
496 112 990 1940 
478 140 930 1900 
458 140 930 1860 
440 142 930 1820 
388 140 930 1700 
380 140 930 1680 
372 140 930 1660 
146 72 1070 1140 
354 140 930 1620 
346 140 930 1600 
328 140 930 1560 
294 140 930 1480 
284 140 930 1460 
276 138 930 1440 
198 136 930 1260 
180 136 930 1220 
318 140 930 1540 
170 136 930 1200 
380 112 990 1680 
162 134 930 1180 
152 136 930 1160 
144 134 930 1140 
136 134 930 1120 
126 134 930 1100 
118 134 930 1080 
108 132 930 1060 
80 132 930 1000 
268 94 1030 1420 
522 148 910 2000 
154 106 990 1160 
496 150 910 1940 
468 150 910 1880 
424 150 910 1780 
398 150 910 1720 
380 148 910 1680 
372 148 910 1660 
362 148 910 1640 
346 148 910 1600 
328 148 910 1560 
294 148 910 1480 
276 148 910 1440 
108 124 950 1060 
198 146 910 1260 
188 146 910 1240 
180 146 910 1220 
170 146 910 1200 
162 144 910 1180 
152 144 910 1160 
144 144 910 1140 
134 144 910 1120 
126 144 910 1100 
108 142 910 1060 
504 158 890 1960 
496 158 890 1940 
486 158 890 1920 
476 158 890 1900 
460 158 890 1860 
442 158 890 1820 
432 158 890 1800 
424 158 890 1780 
198 100 1010 1260 
414 158 890 1760 
396 158 890 1720 
372 158 890 1660 
362 158 890 1640 
328 156 890 1560 
284 158 890 1460 
380 132 950 1680 
276 156 890 1440 
266 156 890 1420 
258 158 890 1400 
232 156 890 1340 
224 156 890 1320 
216 156 890 1300 
198 154 890 1260 
188 154 890 1240 
180 154 890 1220 
172 154 890 1200 
162 154 890 1180 
152 154 890 1160 
144 154 890 1140 
126 152 890 1100 
118 152 890 1080 
414 148 910 1760 
90 152 890 1020 
80 152 890 1000 
524 166 870 2000 
468 168 870 1880 
460 168 870 1860 
450 168 870 1840 
440 168 870 1820 
416 168 870 1760 
396 168 870 1720 
380 166 870 1680 
370 166 870 1660 
362 166 870 1640 
354 168 870 1620 
320 166 870 1540 
310 166 870 1520 
302 166 870 1500 
292 166 870 1480 
268 166 870 1420 
250 166 870 1380 
206 146 910 1280 
242 164 870 1360 
232 166 870 1340 
224 164 870 1320 
336 194 810 1580 
486 276 630 1920 
206 164 870 1280 
180 162 870 1220 
162 164 870 1180 
144 162 870 1140 
126 162 870 1100 
106 162 870 1060 
442 106 1010 1820 
284 210 770 1460 
78 160 870 1000 
442 176 850 1820 
406 178 850 1740 
388 176 850 1700 
362 176 850 1640 
196 190 810 1260 
328 174 850 1560 
320 176 850 1540 
282 300 570 1460 
302 174 850 1500 
292 174 850 1480 
284 176 850 1460 
406 140 930 1740 
198 392 370 1280 
268 174 850 1420 
258 174 850 1400 
232 174 850 1340 
132 224 730 1120 
224 172 850 1320 
442 186 830 1820 
214 172 850 1300 
206 172 850 1280 
162 170 850 1180 
144 170 850 1140 
508 388 390 1960 
90 168 850 1020 
80 168 850 1000 
524 184 830 2000 
180 382 390 1240 
506 184 830 1960 
380 194 810 1680 
290 364 430 1480 
496 186 830 1940 
380 184 830 1680 
370 186 830 1660 
362 184 830 1640 
214 138 930 1300 
116 382 390 1100 
212 264 650 1300 
344 184 830 1600 
336 184 830 1580 
328 186 830 1560 
414 348 470 1760 
310 184 830 1520 
396 186 830 1720 
292 184 830 1480 
284 184 830 1460 
214 184 830 1300 
126 180 830 1100 
96 178 830 1040 
310 104 1010 1520 
432 176 850 1800 
88 178 830 1020 
524 194 810 2000 
450 140 930 1840 
514 194 810 1980 
396 258 670 1720 
494 194 810 1940 
322 450 250 1560 
88 196 790 1020 
100 336 490 1060 
432 194 810 1800 
370 194 810 1660 
362 196 810 1640 
352 194 810 1620 
284 192 810 1460 
276 194 810 1440 
266 192 810 1420 
258 192 810 1400 
136 80 1050 1120 
250 192 810 1380 
242 192 810 1360 
406 300 570 1740 
102 410 330 1080 
232 192 810 1340 
336 132 950 1580 
98 160 870 1040 
214 192 810 1300 
178 190 810 1220 
498 434 290 1940 
142 190 810 1140 
116 188 810 1080 
106 188 810 1060 
98 188 810 1040 
88 188 810 1020 
144 392 370 1160 
496 204 790 1940 
336 122 970 1580 
486 204 790 1920 
268 122 970 1420 
404 202 790 1740 
258 184 830 1400 
152 180 830 1160 
476 204 790 1900 
450 204 790 1840 
424 204 790 1780 
486 76 1070 1920 
240 200 790 1360 
214 200 790 1300 
302 218 750 1500 
178 200 790 1220 
344 246 690 1600 
460 194 810 1860 
170 200 790 1200 
152 198 790 1160 
142 198 790 1140 
134 198 790 1120 
442 396 370 1820 
460 176 850 1860 
364 122 970 1640 
450 150 910 1840 
116 198 790 1080 
152 392 370 1180 
78 198 790 1000 
522 212 770 2000 
108 344 470 1080 
486 212 770 1920 
388 194 810 1700 
468 212 770 1880 
214 218 750 1300 
460 212 770 1860 
442 86 1050 1820 
440 212 770 1820 
424 212 770 1780 
414 212 770 1760 
406 212 770 1740 
396 212 770 1720 
98 106 990 1040 
388 212 770 1700 
378 212 770 1680 
242 384 390 1380 
346 212 770 1600 
232 146 910 1340 
404 376 410 1740 
328 212 770 1560 
292 210 770 1480 
106 196 790 1060 
276 210 770 1440 
266 210 770 1420 
248 210 770 1380 
214 210 770 1300 
154 162 870 1160 
388 450 250 1700 
170 208 770 1200 
142 206 770 1140 
500 444 270 1940 
184 282 610 1240 
124 206 770 1100 
98 206 770 1040 
86 206 770 1020 
310 122 970 1520 
88 160 870 1020 
78 206 770 1000 
496 220 750 1940 
276 200 790 1440 
478 220 750 1900 
204 244 690 1280 
486 194 810 1920 
116 392 370 1100 
460 366 430 1860 
250 202 790 1380 
468 222 750 1880 
362 94 1030 1640 
458 220 750 1860 
450 222 750 1840 
406 442 270 1740 
308 238 710 1520 
432 220 750 1800 
424 220 750 1780 
414 220 750 1760 
242 102 1010 1360 
388 220 750 1700 
354 122 970 1620 
270 440 270 1440 
222 210 770 1320 
150 420 310 1180 
370 220 750 1660 
522 76 1070 2000 
220 308 550 1320 
352 220 750 1620 
336 220 750 1580 
196 420 310 1280 
310 220 750 1520 
276 220 750 1440 
258 218 750 1400 
232 218 750 1340 
370 212 770 1660 
354 114 990 1620 
222 218 750 1320 
368 422 310 1660 
170 218 750 1200 
134 216 750 1120 
106 216 750 1060 
212 448 250 1320 
78 214 750 1000 
388 282 610 1700 
336 176 850 1580 
486 230 730 1920 
524 230 730 2000 
106 206 770 1060 
478 232 730 1900 
158 308 550 1180 
450 232 730 1840 
424 230 730 1780 
188 162 870 1240 
414 230 730 1760 
398 104 1010 1720 
396 230 730 1720 
388 230 730 1700 
424 178 850 1780 
478 212 770 1900 
276 166 870 1440 
380 230 730 1680 
514 312 550 1980 
346 230 730 1600 
326 228 730 1560 
134 162 870 1120 
242 84 1050 1360 
486 114 990 1920 
336 292 590 1580 
240 210 770 1360 
96 214 750 1040 
320 228 730 1540 
80 188 810 1000 
300 228 730 1500 
274 228 730 1440 
188 126 950 1240 
468 194 810 1880 
250 102 1010 1380 
442 266 650 1820 
248 228 730 1380 
240 228 730 1360 
424 424 310 1780 
232 228 730 1340 
222 228 730 1320 
346 130 950 1600 
344 256 670 1600 
214 226 730 1300 
90 134 930 1020 
196 226 730 1260 
294 94 1030 1480 
292 220 750 1480 
186 226 730 1240 
526 416 330 2000 
178 226 730 1220 
142 226 730 1140 
96 224 730 1040 
88 224 730 1020 
514 240 710 1980 
496 240 710 1940 
250 184 830 1380 
336 150 910 1580 
204 254 670 1280 
486 240 710 1920 
496 284 610 1940 
380 292 590 1680 
478 240 710 1900 
458 240 710 1860 
460 348 470 1860 
130 440 270 1140 
442 240 710 1820 
508 426 310 1960 
432 238 710 1800 
82 316 530 1020 
414 238 710 1760 
108 98 1010 1060 
198 172 850 1260 
406 240 710 1740 
378 238 710 1680 
398 240 710 1720 
370 238 710 1660 
118 80 1050 1080 
450 122 970 1840 
222 452 250 1340 
514 184 830 1980 
362 240 710 1640 
352 238 710 1620 
116 170 850 1080 
346 238 710 1600 
328 238 710 1560 
432 78 1070 1800 
318 240 710 1540 
504 148 910 1960 
266 238 710 1420 
258 238 710 1400 
486 168 870 1920 
186 262 650 1240 
240 236 710 1360 
230 236 710 1340 
212 236 710 1300 
98 152 890 1040 
204 236 710 1280 
242 120 970 1360 
486 222 750 1920 
240 246 690 1360 
186 236 710 1240 
122 234 710 1100 
116 234 710 1080 
380 222 750 1680 
276 174 850 1440 
504 222 750 1960 
524 332 510 2000 
106 232 710 1060 
524 248 690 2000 
514 248 690 1980 
424 184 830 1780 
504 250 690 1960 
276 184 830 1440 
378 346 470 1680 
294 192 810 1480 
478 248 690 1900 
344 222 750 1600 
468 248 690 1880 
458 248 690 1860 
448 248 690 1840 
308 274 630 1520 
432 248 690 1800 
124 198 790 1100 
424 248 690 1780 
414 248 690 1760 
450 114 990 1840 
514 176 850 1980 
362 248 690 1640 
336 246 690 1580 
268 228 730 1420 
504 276 630 1960 
326 246 690 1560 
250 110 990 1380 
442 274 630 1820 
248 236 710 1380 
258 246 690 1400 
258 228 730 1400 
248 246 690 1380 
230 246 690 1340 
196 244 690 1260 
242 112 990 1360 
388 202 790 1700 
186 244 690 1240 
478 320 530 1900 
160 244 690 1180 
132 244 690 1120 
210 308 550 1300 
122 244 690 1100 
486 150 910 1920 
240 174 850 1360 
96 242 690 1040 
442 150 910 1820 
76 242 690 1000 
504 286 610 1960 
524 256 670 2000 
514 258 670 1980 
450 256 670 1840 
248 220 750 1380 
460 330 510 1860 
442 258 670 1820 
432 258 670 1800 
302 210 770 1500 
424 258 670 1780 
232 138 930 1340 
508 360 450 1960 
406 258 670 1740 
352 256 670 1620 
486 86 1050 1920 
336 256 670 1580 
414 414 330 1760 
318 256 670 1540 
302 256 670 1500 
266 254 670 1420 
344 96 1030 1600 
260 138 930 1400 
248 254 670 1380 
230 254 670 1340 
212 254 670 1300 
168 226 730 1200 
516 350 470 1980 
142 254 670 1140 
132 252 670 1120 
432 204 790 1800 
114 252 670 1080 
450 194 810 1840 
306 404 350 1520 
86 252 670 1020 
76 250 670 1000 
162 182 830 1180 
290 346 470 1480 
496 268 650 1940 
240 138 930 1360 
486 266 650 1920 
380 256 670 1680 
294 130 950 1480 
274 272 630 1440 
292 256 670 1480 
478 266 650 1900 
458 266 650 1860 
284 220 750 1460 
310 158 890 1520 
432 266 650 1800 
206 182 830 1280 
414 266 650 1760 
370 266 650 1660 
224 138 930 1320 
362 266 650 1640 
342 266 650 1600 
414 194 810 1760 
336 264 650 1580 
326 264 650 1560 
302 140 930 1500 
80 178 830 1000 
300 266 650 1500 
478 258 670 1900 
162 354 450 1200 
272 374 410 1440 
292 264 650 1480 
266 138 930 1420 
342 422 310 1600 
264 264 650 1420 
238 264 650 1360 
232 210 770 1340 
406 186 830 1740 
230 264 650 1340 
232 182 830 1340 
450 348 470 1840 
398 194 810 1720 
284 120 970 1460 
172 190 810 1200 
412 292 590 1760 
178 262 650 1220 
528 454 250 2000 
160 262 650 1180 
362 212 770 1640 
150 262 650 1160 
258 210 770 1400 
312 76 1070 1520 
326 346 470 1560 
122 262 650 1100 
112 262 650 1080 
524 286 610 2000 
104 260 650 1060 
84 260 650 1020 
76 262 650 1000 
514 276 630 1980 
468 276 630 1880 
458 276 630 1860 
432 276 630 1800 
326 310 550 1560 
504 212 770 1960 
124 224 730 1100 
424 274 630 1780 
188 190 810 1240 
414 274 630 1760 
396 274 630 1720 
388 274 630 1700 
470 444 270 1880 
276 450 250 1460 
152 172 850 1160 
370 274 630 1660 
342 274 630 1600 
302 148 910 1500 
300 274 630 1500 
380 202 790 1680 
292 274 630 1480 
284 274 630 1460 
248 272 630 1380 
96 252 670 1040 
240 272 630 1360 
406 194 810 1740 
194 254 670 1260 
506 302 570 1960 
230 272 630 1340 
214 146 910 1300 
212 272 630 1300 
194 272 630 1260 
398 366 430 1720 
176 272 630 1220 
168 270 630 1200 
170 410 330 1220 
158 270 630 1180 
496 140 930 1940 
152 190 810 1160 
252 392 370 1400 
140 270 630 1140 
240 184 830 1360 
334 440 270 1580 
320 202 790 1540 
132 270 630 1120 
494 212 770 1940 
122 272 630 1100 
202 280 610 1280 
112 270 630 1080 
206 156 890 1280 
486 284 610 1920 
72 316 530 1000 
396 220 750 1720 
476 286 610 1900 
134 208 770 1120 
244 356 450 1380 
266 184 830 1420 
336 212 770 1580 
486 258 670 1920 
100 86 1030 1040 
468 286 610 1880 
460 284 610 1860 
208 346 470 1300 
86 270 630 1020 
88 364 430 1040 
406 284 610 1740 
170 382 390 1220 
398 284 610 1720 
370 282 610 1660 
362 284 610 1640 
352 284 610 1620 
514 284 610 1980 
346 282 610 1600 
204 200 790 1280 
318 284 610 1540 
176 290 590 1220 
292 282 610 1480 
74 270 630 1000 
282 282 610 1460 
258 264 650 1400 
442 284 610 1820 
248 282 610 1380 
202 448 250 1300 
238 282 610 1360 
194 262 650 1260 
230 280 610 1340 
468 158 890 1880 
114 224 730 1080 
320 194 810 1540 
132 262 650 1120 
136 116 970 1120 
212 280 610 1300 
196 282 610 1260 
176 280 610 1220 
116 206 770 1080 
222 254 670 1320 
168 280 610 1200 
242 146 910 1360 
486 176 850 1920 
186 254 670 1240 
134 154 890 1120 
132 280 610 1120 
326 356 450 1560 
122 280 610 1100 
202 272 630 1280 
112 278 610 1080 
104 280 610 1060 
94 280 610 1040 
180 172 850 1220 
524 294 590 2000 
504 294 590 1960 
128 326 510 1120 
496 294 590 1940 
380 104 1010 1680 
478 292 590 1900 
250 130 950 1380 
460 294 590 1860 
450 292 590 1840 
442 292 590 1820 
310 148 910 1520 
432 292 590 1800 
396 442 270 1720 
302 238 710 1500 
424 294 590 1780 
398 292 590 1720 
346 166 870 1600 
344 292 590 1600 
326 292 590 1560 
318 292 590 1540 
286 76 1070 1460 
68 400 350 1000 
284 202 790 1460 
300 292 590 1500 
352 422 310 1620 
282 292 590 1460 
494 276 630 1940 
404 222 750 1740 
256 290 590 1400 
238 292 590 1360 
152 208 770 1160 
220 290 590 1320 
212 290 590 1300 
258 202 790 1400 
184 290 590 1240 
488 348 470 1920 
166 290 590 1200 
504 266 650 1960 
292 292 590 1480 
158 288 590 1180 
148 290 590 1160 
256 256 670 1400 
122 290 590 1100 
112 290 590 1080 
102 288 590 1060 
74 288 590 1000 
524 304 570 2000 
142 180 830 1140 
516 304 570 1980 
112 420 310 1100 
496 304 570 1940 
486 302 570 1920 
194 290 590 1260 
380 78 1070 1680 
478 302 570 1900 
314 430 290 1540 
468 302 570 1880 
386 440 270 1700 
468 240 710 1880 
98 134 930 1040 
336 158 890 1580 
486 248 690 1920 
458 302 570 1860 
450 302 570 1840 
108 180 830 1060 
440 302 570 1820 
432 302 570 1800 
524 122 970 2000 
504 176 850 1960 
178 236 710 1220 
376 440 270 1680 
302 246 690 1500 
424 302 570 1780 
378 300 570 1680 
370 300 570 1660 
188 200 790 1240 
344 300 570 1600 
134 170 850 1120 
242 92 1030 1360 
486 122 970 1920 
240 218 750 1360 
388 240 710 1700 
186 270 630 1240 
486 104 1010 1920 
336 302 570 1580 
282 320 530 1460 
300 300 570 1500 
504 258 670 1960 
104 270 630 1060 
158 280 610 1180 
292 300 570 1480 
496 176 850 1940 
274 300 570 1440 
136 90 1030 1120 
250 174 850 1380 
248 300 570 1380 
346 86 1050 1600 
212 300 570 1300 
308 338 490 1520 
250 440 270 1400 
184 300 570 1240 
176 298 570 1220 
468 176 850 1880 
488 340 490 1920 
166 298 570 1200 
156 298 570 1180 
160 402 350 1200 
148 298 570 1160 
406 158 890 1740 
138 298 570 1140 
264 300 570 1420 
514 166 870 1980 
130 298 570 1120 
388 184 830 1700 
110 298 570 1080 
468 268 650 1880 
488 358 450 1920 
92 298 570 1040 
206 92 1030 1280 
204 218 750 1280 
74 296 570 1000 
524 312 550 2000 
506 312 550 1960 
496 314 550 1940 
370 202 790 1660 
488 312 550 1920 
478 312 550 1900 
460 312 550 1860 
452 312 550 1840 
260 402 350 1420 
336 338 490 1580 
442 312 550 1820 
432 312 550 1800 
168 430 290 1220 
300 202 790 1500 
196 182 830 1260 
424 312 550 1780 
232 92 1030 1340 
316 374 410 1540 
192 336 490 1260 
414 310 550 1760 
524 176 850 2000 
310 264 650 1520 
406 310 550 1740 
178 244 690 1220 
396 310 550 1720 
354 176 850 1620 
388 312 550 1700 
292 238 710 1480 
266 282 610 1420 
276 86 1050 1440 
380 310 550 1680 
496 94 1030 1940 
154 98 1010 1160 
152 224 730 1160 
370 310 550 1660 
362 308 550 1640 
352 310 550 1620 
354 184 830 1620 
388 320 530 1700 
80 86 1030 1000 
300 310 550 1500 
302 184 830 1500 
202 300 570 1280 
124 216 750 1100 
476 194 810 1900 
290 310 550 1480 
228 308 550 1340 
434 424 310 1800 
78 364 430 1020 
194 308 550 1260 
476 122 970 1900 
166 308 550 1200 
406 150 910 1740 
138 306 550 1140 
342 330 510 1600 
264 292 590 1420 
130 306 550 1120 
66 410 330 1000 
102 306 550 1060 
298 374 410 1500 
136 364 430 1140 
284 94 1030 1460 
432 358 450 1800 
362 130 950 1640 
458 256 670 1860 
74 308 550 1000 
488 322 530 1920 
486 294 590 1920 
468 322 530 1880 
370 414 330 1660 
260 112 990 1400 
460 322 530 1860 
86 288 590 1020 
380 392 370 1680 
434 320 530 1800 
274 310 550 1440 
378 320 530 1680 
422 86 1050 1780 
498 378 410 1940 
294 102 1010 1480 
292 228 730 1480 
378 432 290 1680 
272 346 470 1440 
148 336 490 1160 
352 318 530 1620 
346 194 810 1600 
344 320 530 1600 
460 230 730 1860 
442 358 450 1820 
334 318 530 1580 
504 204 790 1960 
326 318 530 1560 
226 384 390 1340 
318 320 530 1540 
310 320 530 1520 
146 354 450 1160 
490 424 310 1920 
290 318 530 1480 
388 256 670 1700 
332 432 290 1580 
216 92 1030 1300 
264 318 530 1420 
468 132 950 1880 
202 290 590 1280 
238 316 530 1360 
354 202 790 1620 
432 86 1050 1800 
318 264 650 1540 
320 130 950 1540 
228 318 530 1340 
360 440 270 1640 
218 318 530 1320 
508 444 270 1960 
308 282 610 1520 
210 316 530 1300 
514 230 730 1980 
142 262 650 1140 
218 298 570 1320 
490 386 390 1920 
166 318 530 1200 
126 170 850 1100 
138 318 530 1140 
174 308 550 1220 
224 200 790 1320 
334 402 350 1580 
260 102 1010 1400 
130 316 530 1120 
352 292 590 1620 
344 338 490 1600 
514 322 530 1980 
206 136 930 1280 
204 262 650 1280 
414 404 350 1760 
336 140 930 1580 
388 302 570 1700 
110 316 530 1080 
302 192 810 1500 
90 94 1010 1020 
100 344 470 1060 
302 156 890 1500 
300 282 610 1500 
282 338 490 1460 
460 122 970 1860 
136 346 470 1140 
414 140 930 1760 
100 326 510 1060 
508 332 510 1960 
352 300 570 1620 
148 430 290 1180 
294 448 250 1500 
148 326 510 1160 
370 94 1030 1660 
496 330 510 1940 
180 82 1050 1220 
380 176 850 1680 
478 332 510 1900 
470 330 510 1880 
310 310 550 1520 
450 330 510 1840 
210 326 510 1300 
120 316 530 1100 
88 354 450 1040 
424 330 510 1780 
318 158 890 1540 
370 328 510 1660 
360 328 510 1640 
362 202 790 1640 
150 244 690 1160 
172 108 990 1200 
236 346 470 1360 
352 328 510 1620 
260 392 370 1420 
336 328 510 1580 
170 162 870 1200 
316 328 510 1540 
308 328 510 1520 
310 202 790 1520 
334 382 390 1580 
200 364 430 1280 
190 346 470 1260 
282 328 510 1460 
498 406 350 1940 
272 328 510 1440 
120 308 550 1100 
246 328 510 1380 
286 86 1050 1460 
70 364 430 1000 
440 230 730 1820 
480 416 330 1900 
228 328 510 1340 
202 328 510 1280 
320 120 970 1540 
416 186 830 1760 
96 392 370 1060 
414 320 530 1760 
192 326 510 1260 
172 374 410 1220 
184 326 510 1240 
202 318 530 1280 
318 210 770 1540 
458 104 1010 1860 
352 402 350 1620 
110 326 510 1080 
468 140 930 1880 
238 308 550 1360 
488 378 410 1920 
470 406 350 1880 
92 326 510 1040 
250 148 910 1380 
514 220 750 1980 
370 338 490 1660 
486 330 510 1920 
298 384 390 1500 
362 140 930 1640 
74 326 510 1000 
516 340 490 1980 
506 340 490 1960 
224 440 270 1340 
300 320 530 1500 
150 234 710 1160 
218 372 410 1320 
218 354 450 1320 
496 340 490 1940 
104 224 730 1060 
478 340 490 1900 
470 338 490 1880 
442 340 490 1820 
226 392 370 1340 
204 228 730 1280 
432 340 490 1800 
76 224 730 1000 
90 142 910 1020 
196 218 750 1260 
424 340 490 1780 
414 338 490 1760 
232 130 950 1340 
178 412 330 1240 
196 164 870 1260 
424 140 930 1780 
310 246 690 1520 
102 298 570 1060 
424 94 1030 1780 
186 218 750 1240 
406 338 490 1740 
514 294 590 1980 
188 172 850 1240 
414 204 790 1760 
92 448 250 1060 
208 372 410 1300 
476 176 850 1900 
290 336 490 1480 
148 318 530 1160 
378 330 510 1680 
274 336 490 1440 
244 336 490 1380 
150 252 670 1160 
360 320 530 1640 
236 338 490 1360 
70 372 410 1000 
440 222 750 1820 
316 336 490 1540 
228 336 490 1340 
218 336 490 1320 
208 336 490 1300 
406 86 1050 1740 
258 166 870 1400 
124 392 370 1120 
452 424 310 1840 
424 394 370 1780 
470 378 410 1880 
164 336 490 1200 
320 184 830 1540 
114 242 690 1080 
202 336 490 1280 
136 336 490 1140 
162 384 390 1200 
72 336 490 1000 
526 350 470 2000 
218 346 470 1320 
496 348 470 1940 
406 96 1030 1740 
124 382 390 1120 
202 346 470 1280 
480 348 470 1900 
94 288 590 1040 
468 348 470 1880 
220 328 510 1320 
460 340 490 1860 
422 266 650 1780 
508 406 350 1960 
424 348 470 1780 
500 426 310 1940 
182 346 470 1240 
398 346 470 1720 
162 190 810 1180 
378 356 450 1680 
274 320 530 1440 
362 222 750 1640 
360 348 470 1640 
332 412 330 1580 
334 282 610 1580 
94 440 270 1060 
352 346 470 1620 
144 124 950 1140 
344 346 470 1600 
120 298 570 1100 
216 118 970 1300 
352 356 450 1620 
266 130 950 1420 
342 430 290 1600 
208 392 370 1300 
82 448 250 1040 
316 346 470 1540 
318 220 750 1540 
228 290 590 1340 
452 452 250 1840 
298 344 470 1500 
440 194 810 1820 
282 346 470 1460 
522 104 1010 2000 
258 120 970 1400 
404 266 650 1740 
272 364 430 1440 
162 364 430 1200 
378 422 310 1680 
272 392 370 1440 
498 416 330 1940 
254 346 470 1400 
442 122 970 1820 
440 248 690 1820 
228 346 470 1340 
280 402 350 1460 
156 344 470 1180 
370 294 590 1660 
140 288 590 1140 
126 344 470 1120 
70 344 470 1000 
80 104 990 1000 
300 328 510 1500 
216 74 1070 1300 
244 374 410 1380 
134 190 810 1120 
262 364 430 1420 
118 344 470 1100 
432 348 470 1800 
460 130 950 1860 
136 354 450 1140 
526 360 450 2000 
414 356 450 1760 
146 80 1050 1140 
354 148 910 1620 
352 274 630 1620 
388 356 450 1700 
142 382 390 1160 
362 230 730 1640 
360 356 450 1640 
106 382 390 1080 
342 356 450 1600 
210 364 430 1300 
336 356 450 1580 
338 114 990 1580 
206 210 770 1280 
206 412 330 1300 
414 368 430 1760 
316 356 450 1540 
424 356 450 1780 
282 246 690 1460 
168 422 310 1220 
450 284 610 1840 
298 356 450 1500 
72 440 270 1020 
280 356 450 1460 
268 76 1070 1420 
118 336 490 1100 
262 356 450 1420 
480 358 450 1900 
254 356 450 1400 
168 244 690 1200 
416 114 990 1760 
236 354 450 1360 
210 354 450 1300 
146 344 470 1160 
256 282 610 1400 
524 130 950 2000 
326 274 630 1560 
122 430 290 1120 
200 354 450 1280 
388 248 690 1700 
334 310 550 1580 
450 340 490 1840 
398 202 790 1720 
328 122 970 1560 
178 254 670 1220 
194 356 450 1260 
182 356 450 1240 
460 424 310 1860 
270 422 310 1440 
126 354 450 1120 
122 252 670 1100 
398 140 930 1720 
396 266 650 1720 
264 346 470 1420 
184 308 550 1240 
346 202 790 1600 
514 332 510 1980 
118 354 450 1100 
120 326 510 1100 
458 204 790 1860 
92 432 290 1060 
98 96 1010 1040 
108 354 450 1080 
98 354 450 1060 
70 354 450 1000 
526 370 430 2000 
254 336 490 1400 
252 412 330 1400 
516 368 430 1980 
362 256 670 1640 
170 172 850 1200 
316 310 550 1540 
234 74 1070 1340 
232 200 790 1340 
102 430 290 1080 
424 432 290 1780 
156 326 510 1180 
106 152 890 1060 
194 440 270 1280 
506 368 430 1960 
442 434 290 1820 
496 368 430 1940 
488 368 430 1920 
250 138 930 1380 
248 264 650 1380 
372 122 970 1660 
164 374 410 1200 
112 440 270 1100 
440 368 430 1820 
90 106 990 1020 
88 232 710 1020 
424 368 430 1780 
256 308 550 1400 
132 412 330 1140 
284 228 730 1460 
452 366 430 1840 
352 384 390 1620 
116 178 830 1080 
234 402 350 1360 
90 334 490 1040 
370 364 430 1660 
360 366 430 1640 
252 420 310 1400 
350 432 290 1620 
216 402 350 1320 
516 360 450 1980 
350 364 430 1620 
342 366 430 1600 
406 434 290 1740 
310 292 590 1520 
196 236 710 1260 
218 364 430 1320 
518 398 370 1980 
254 364 430 1400 
136 126 950 1120 
346 176 850 1600 
458 186 830 1860 
236 366 430 1360 
414 386 390 1760 
226 364 430 1340 
406 248 690 1740 
190 364 430 1260 
496 256 670 1940 
324 336 490 1560 
104 242 690 1060 
172 364 430 1220 
118 106 990 1080 
144 364 430 1160 
468 358 450 1880 
126 364 430 1120 
130 430 290 1140 
336 78 1070 1580 
108 364 430 1080 
98 364 430 1060 
526 378 410 2000 
450 274 630 1840 
206 420 310 1300 
328 166 870 1560 
508 378 410 1960 
432 212 770 1800 
306 420 310 1520 
82 306 550 1020 
396 338 490 1720 
242 156 890 1360 
486 186 830 1920 
440 376 410 1820 
222 182 830 1320 
370 248 690 1660 
368 374 410 1660 
362 374 410 1640 
174 316 530 1220 
338 86 1050 1580 
206 190 810 1280 
354 248 690 1620 
352 374 410 1620 
274 282 610 1440 
94 270 630 1040 
414 284 610 1760 
236 374 410 1360 
334 374 410 1580 
324 374 410 1560 
294 122 970 1480 
274 264 650 1440 
496 248 690 1940 
290 374 410 1480 
282 374 410 1460 
222 236 710 1320 
106 374 410 1080 
442 406 350 1820 
262 374 410 1420 
254 374 410 1400 
214 166 870 1300 
96 232 710 1040 
226 374 410 1340 
198 372 410 1280 
88 374 410 1040 
328 220 750 1560 
406 274 630 1740 
190 374 410 1260 
152 374 410 1180 
144 372 410 1160 
134 374 410 1140 
414 86 1050 1760 
424 320 530 1780 
498 396 370 1940 
254 318 530 1400 
136 382 390 1140 
124 374 410 1120 
144 90 1030 1140 
256 300 570 1400 
498 320 530 1940 
116 372 410 1100 
194 300 570 1260 
78 372 410 1020 
396 328 510 1720 
302 112 990 1500 
282 238 710 1460 
72 448 250 1020 
86 400 350 1040 
526 388 390 2000 
288 384 390 1480 
516 388 390 1980 
526 322 530 2000 
388 374 410 1700 
498 388 390 1940 
136 98 1010 1120 
460 386 390 1860 
452 386 390 1840 
108 114 970 1060 
406 384 390 1740 
398 384 390 1720 
228 354 450 1340 
316 300 570 1540 
224 146 910 1320 
360 384 390 1640 
398 176 850 1720 
396 302 570 1720 
278 440 270 1460 
264 328 510 1420 
266 202 790 1420 
346 158 890 1600 
442 348 470 1820 
332 450 250 1580 
480 434 290 1900 
342 384 390 1600 
180 182 830 1220 
84 420 310 1040 
162 72 1070 1180 
160 198 790 1180 
308 384 390 1520 
80 334 490 1020 
182 338 490 1240 
254 384 390 1400 
460 148 910 1860 
434 434 290 1800 
498 358 450 1940 
432 148 910 1800 
414 376 410 1760 
518 426 310 1980 
88 382 390 1040 
156 450 250 1200 
296 420 310 1500 
78 382 390 1020 
470 434 290 1880 
286 166 870 1460 
214 430 290 1320 
140 280 610 1140 
514 214 770 1980 
460 434 290 1860 
488 396 370 1920 
470 396 370 1880 
84 428 290 1040 
250 450 250 1400 
308 392 370 1520 
414 394 370 1760 
154 354 450 1180 
250 156 890 1380 
440 322 530 1820 
460 396 370 1860 
450 322 530 1840 
424 166 870 1780 
406 394 370 1740 
228 300 570 1340 
84 280 610 1020 
508 396 370 1960 
206 402 350 1300 
64 420 310 1000 
450 414 330 1840 
396 394 370 1720 
388 394 370 1700 
78 232 710 1000 
396 376 410 1720 
214 440 270 1320 
328 256 670 1560 
190 382 390 1260 
388 150 910 1700 
370 394 370 1660 
264 274 630 1420 
480 452 250 1900 
334 394 370 1580 
298 392 370 1500 
496 104 1010 1940 
478 148 910 1900 
152 218 750 1160 
288 392 370 1480 
168 440 270 1220 
282 264 650 1460 
280 394 370 1460 
468 230 730 1880 
372 176 850 1660 
92 308 550 1040 
134 180 830 1120 
480 386 390 1900 
442 424 310 1820 
262 384 390 1420 
74 278 610 1000 
188 394 370 1260 
188 136 930 1240 
332 364 430 1580 
314 412 330 1540 
468 312 550 1880 
360 432 290 1640 
450 176 850 1840 
152 382 390 1180 
284 148 910 1460 
432 404 350 1800 
260 76 1070 1400 
266 220 750 1420 
172 392 370 1220 
138 440 270 1160 
406 166 870 1740 
138 450 250 1160 
504 140 930 1960 
218 384 390 1320 
172 354 450 1220 
78 392 370 1020 
308 346 470 1520 
152 362 430 1180 
442 386 390 1820 
68 392 370 1000 
258 146 910 1400 
522 202 790 2000 
174 346 470 1220 
288 410 330 1480 
278 432 290 1460 
480 406 350 1900 
166 448 250 1220 
236 326 510 1360 
486 140 930 1920 
82 326 510 1020 
360 340 490 1640 
118 142 910 1080 
462 404 350 1860 
80 354 450 1020 
288 402 350 1480 
490 434 290 1920 
378 266 650 1680 
108 86 1030 1060 
406 404 350 1740 
414 424 310 1760 
272 382 390 1440 
274 256 670 1440 
518 406 350 1980 
110 78 1050 1060 
368 450 250 1660 
328 282 610 1560 
396 404 350 1720 
88 214 750 1020 
194 430 290 1280 
506 350 470 1960 
80 140 910 1000 
156 336 490 1180 
406 358 450 1740 
196 402 350 1280 
424 284 610 1780 
180 92 1030 1220 
478 378 410 1900 
386 404 350 1700 
370 356 450 1660 
162 82 1050 1180 
380 404 350 1680 
414 302 570 1760 
344 310 550 1600 
468 186 830 1880 
112 412 330 1100 
504 168 870 1960 
324 384 390 1560 
178 432 290 1240 
194 318 530 1260 
132 234 710 1120 
132 402 350 1140 
342 404 350 1600 
498 452 250 1940 
146 98 1010 1140 
352 264 650 1620 
388 338 490 1700 
354 158 890 1620 
270 356 450 1440 
112 306 550 1080 
298 402 350 1500 
450 240 710 1840 
434 394 370 1800 
388 330 510 1700 
508 454 250 1960 
224 402 350 1340 
362 300 570 1640 
306 374 410 1520 
188 402 350 1260 
180 402 350 1240 
266 148 910 1420 
342 440 270 1600 
170 236 710 1200 
442 414 330 1820 
460 414 330 1860 
142 402 350 1160 
490 406 350 1920 
370 230 730 1660 
98 198 790 1040 
432 284 610 1800 
450 394 370 1840 
142 234 710 1140 
124 402 350 1120 
362 274 630 1640 
114 402 350 1100 
432 330 510 1800 
414 256 670 1760 
96 372 410 1060 
222 246 690 1320 
386 422 310 1700 
244 392 370 1380 
488 414 330 1920 
104 402 350 1080 
94 402 350 1060 
424 114 990 1780 
406 414 330 1740 
504 194 810 1960 
398 320 530 1720 
284 102 1010 1460 
76 402 350 1020 
360 412 330 1640 
234 84 1050 1340 
198 210 770 1260 
122 440 270 1120 
518 416 330 1980 
334 274 630 1580 
388 292 590 1700 
92 316 530 1040 
478 276 630 1900 
352 394 370 1620 
74 420 310 1020 
150 272 630 1160 
470 414 330 1880 
150 402 350 1180 
172 98 1010 1200 
470 368 430 1880 
434 414 330 1800 
396 356 450 1720 
232 432 290 1360 
370 404 350 1660 
388 158 890 1700 
232 420 310 1360 
270 402 350 1440 
316 364 430 1540 
246 346 470 1380 
208 382 390 1300 
388 412 330 1700 
380 412 330 1680 
258 440 270 1420 
528 444 270 2000 
174 326 510 1220 
352 412 330 1620 
470 452 250 1880 
148 308 550 1160 
164 344 470 1200 
470 386 390 1880 
244 364 430 1380 
264 338 490 1420 
378 282 610 1680 
324 412 330 1560 
524 340 490 2000 
506 320 530 1960 
296 412 330 1500 
518 444 270 1980 
182 364 430 1240 
160 218 750 1180 
422 384 390 1780 
224 412 330 1340 
460 376 410 1860 
386 366 430 1700 
514 266 650 1980 
216 412 330 1320 
518 454 250 1980 
182 374 410 1240 
68 382 390 1000 
432 384 390 1800 
434 104 1010 1800 
310 130 950 1520 
100 316 530 1060 
432 230 730 1800 
308 256 670 1520 
202 310 550 1280 
188 420 310 1260 
432 366 430 1800 
280 410 330 1460 
214 246 690 1300 
380 338 490 1680 
242 420 310 1380 
188 412 330 1260 
432 184 830 1800 
198 382 390 1280 
142 412 330 1160 
336 202 790 1580 
480 424 310 1900 
132 420 310 1140 
342 394 370 1600 
314 450 250 1540 
144 116 970 1140 
220 264 650 1320 
160 410 330 1200 
388 78 1070 1700 
168 262 650 1200 
222 272 630 1320 
150 410 330 1180 
486 94 1030 1920 
110 336 490 1080 
122 412 330 1120 
326 300 570 1560 
324 430 290 1560 
96 410 330 1060 
478 396 370 1900 
528 436 290 2000 
524 240 710 2000 
528 426 310 2000 
140 420 310 1160 
128 336 490 1120 
478 366 430 1900 
396 414 330 1720 
178 208 770 1220 
452 404 350 1840 
350 450 250 1620 
100 142 910 1040 
316 392 370 1540 
94 420 310 1060 
406 422 310 1740 
80 344 470 1020 
434 450 250 1800 
76 412 330 1020 
156 318 530 1180 
396 422 310 1720 
238 300 570 1360 
284 256 670 1460 
82 296 570 1020 
118 448 250 1120 
404 450 250 1740 
406 320 530 1740 
524 266 650 2000 
326 394 370 1560 
238 254 670 1360 
100 124 950 1040 
334 346 470 1580 
188 100 1010 1240 
524 276 630 2000 
460 358 450 1860 
314 422 310 1540 
310 138 930 1520 
224 430 290 1340 
90 78 1050 1020 
414 130 950 1760 
424 404 350 1780 
394 432 290 1720 
288 420 310 1480 
476 166 870 1900 
278 422 310 1460 
226 420 310 1340 
354 96 1030 1620 
222 192 810 1320 
494 122 970 1940 
234 392 370 1360 
280 384 390 1460 
450 266 650 1840 
296 440 270 1500 
178 218 750 1220 
414 442 270 1760 
450 104 1010 1840 
514 158 890 1980 
130 290 590 1120 
332 422 310 1580 
262 410 330 1420 
246 308 550 1380 
188 182 830 1240 
178 422 310 1240 
406 294 590 1740 
308 364 430 1520 
406 330 510 1740 
84 412 330 1040 
362 404 350 1640 
296 430 290 1500 
160 208 770 1180 
524 158 890 2000 
326 366 430 1560 
468 256 670 1880 
122 420 310 1120 
378 274 630 1680 
324 420 310 1560 
518 436 290 1980 
424 412 330 1780 
204 440 270 1300 
508 434 290 1960 
496 230 730 1940 
290 356 450 1480 
198 410 330 1280 
256 272 630 1400 
416 432 290 1760 
324 440 270 1560 
170 402 350 1220 
260 420 310 1420 
188 208 770 1240 
442 330 510 1820 
324 402 350 1560 
138 326 510 1140 
512 148 910 1980 
526 398 370 2000 
242 412 330 1380 
180 392 370 1240 
422 442 270 1780 
62 448 250 1000 
450 186 830 1840 
432 442 270 1800 
424 374 410 1780 
214 422 310 1320 
172 82 1050 1200 
104 420 310 1080 
388 346 470 1700 
326 326 510 1560 
308 356 450 1520 
310 230 730 1520 
162 100 1010 1180 
160 226 730 1180 
246 318 530 1380 
396 132 950 1720 
294 158 890 1480 
378 376 410 1680 
336 230 730 1580 
116 160 870 1080 
388 384 390 1700 
90 344 470 1040 
288 430 290 1480 
522 222 750 2000 
250 430 290 1400 
370 256 670 1660 
242 432 290 1380 
246 292 590 1380 
116 364 430 1100 
316 384 390 1540 
204 430 290 1300 
142 242 690 1140 
234 384 390 1360 
240 448 250 1380 
380 248 690 1680 
452 432 290 1840 
298 364 430 1500 
310 210 770 1520 
406 366 430 1740 
378 366 430 1680 
274 290 590 1440 
182 316 530 1240 
352 338 490 1620 
354 212 770 1620 
432 140 930 1800 
318 274 630 1540 
504 240 710 1960 
174 336 490 1220 
86 242 690 1020 
74 430 290 1020 
64 430 290 1000 
260 430 290 1420 
488 444 270 1920 
306 430 290 1520 
310 174 850 1520 
308 300 570 1520 
140 430 290 1160 
388 168 870 1700 
370 440 270 1660 
106 392 370 1080 
388 264 650 1700 
216 84 1050 1300 
264 310 550 1420 
328 194 810 1560 
286 440 270 1480 
468 294 590 1880 
224 120 970 1320 
362 292 590 1640 
360 422 310 1640 
198 74 1070 1260 
196 200 790 1260 
178 440 270 1240 
462 442 270 1860 
82 440 270 1040 
242 440 270 1380 
232 438 270 1360 
150 280 610 1160 
216 392 370 1320 
450 158 890 1840 
514 204 790 1980 
442 442 270 1820 
424 196 810 1780 
292 328 510 1480 
294 202 790 1480 
504 230 730 1960 
98 170 850 1040 
186 440 270 1260 
328 202 790 1560 
286 448 250 1480 
398 122 970 1720 
160 392 370 1200 
422 452 250 1780 
162 108 990 1180 
160 234 710 1180 
100 448 250 1080 
64 440 270 1000 
114 214 750 1080 
304 440 270 1520 
252 402 350 1400 
158 440 270 1200 
488 452 250 1920 
280 366 430 1460 
96 382 390 1060 
388 432 290 1700 
350 440 270 1620 
102 440 270 1080 
148 440 270 1180 
158 420 310 1200 
128 448 250 1140 
450 212 770 1840 
306 412 330 1520 
112 430 290 1100 
380 158 890 1680 
276 238 710 1440 
310 192 810 1520 
508 416 330 1960 
406 348 470 1740 
104 250 670 1060 
396 452 250 1720 
526 408 350 2000 
370 386 390 1660 
476 186 830 1900 
396 248 690 1720 
292 246 690 1480 
158 430 290 1200 
354 104 1010 1620 
352 230 730 1620 
470 424 310 1880 
368 432 290 1660 
368 348 470 1660 
234 412 330 1360 
378 450 250 1680 
494 166 870 1940 
148 450 250 1180 
388 86 1050 1700 
168 254 670 1200 
342 376 410 1600 
462 452 250 1860 
452 442 270 1840 
518 378 410 1980 
414 452 250 1760 
406 102 1010 1740 
270 410 330 1440 
432 168 870 1800 
110 450 250 1100 
282 310 550 1460 
134 392 370 1140 
406 230 730 1740 
450 358 450 1840 
224 110 990 1320 
258 450 250 1420 
360 394 370 1640 
86 392 370 1040 
442 78 1070 1820 
440 204 790 1820 
318 148 910 1540 
232 448 250 1360 
160 254 670 1180 
424 240 710 1780 
274 246 690 1440 
378 384 390 1680 
342 412 330 1600 
416 328 510 1760 
194 450 250 1280 
242 402 350 1380 
284 130 950 1460 
298 336 490 1500 
304 450 250 1520 
314 402 350 1540 
96 260 650 1040 
186 448 250 1260 
450 86 1050 1840 
222 280 610 1320 
480 442 270 1900 
370 318 530 1660 
314 440 270 1540 
360 450 250 1640 
432 376 410 1800 
336 166 870 1580 
186 430 290 1260 
90 86 1030 1020 
176 448 250 1240 
478 76 1070 1900 
164 326 510 1200 
270 430 290 1440 
416 176 850 1760 
336 238 710 1580 
108 170 850 1060 
188 118 970 1240 
468 202 790 1880 
266 246 690 1420 
256 328 510 1400 
452 378 410 1840 
442 452 250 1820 
318 246 690 1540 
126 188 810 1100 
142 216 750 1140 
268 448 250 1440 
170 180 830 1200 
340 450 250 1600 
