654 354 1080 1780 
572 354 1080 1660 
556 354 1080 1640 
544 354 1080 1620 
530 354 1080 1600 
516 352 1080 1580 
502 354 1080 1560 
474 354 1080 1520 
460 352 1080 1500 
432 350 1080 1460 
420 352 1080 1440 
404 350 1080 1420 
348 348 1080 1340 
280 344 1080 1240 
250 340 1080 1200 
236 342 1080 1180 
222 340 1080 1160 
194 340 1080 1120 
178 338 1080 1100 
162 336 1080 1080 
104 332 1080 1000 
668 368 1060 1800 
654 368 1060 1780 
612 368 1060 1720 
598 370 1060 1700 
556 368 1060 1640 
542 368 1060 1620 
530 368 1060 1600 
516 366 1060 1580 
488 368 1060 1540 
446 366 1060 1480 
432 366 1060 1460 
362 362 1060 1360 
322 360 1060 1300 
250 354 1060 1200 
220 354 1060 1160 
192 352 1060 1120 
178 350 1060 1100 
162 350 1060 1080 
132 348 1060 1040 
118 346 1060 1020 
102 346 1060 1000 
654 384 1040 1780 
640 382 1040 1760 
598 382 1040 1700 
584 382 1040 1680 
556 382 1040 1640 
488 380 1040 1540 
474 380 1040 1520 
460 378 1040 1500 
390 378 1040 1400 
348 374 1040 1340 
292 372 1040 1260 
250 372 1040 1200 
162 364 1040 1080 
116 360 1040 1020 
670 398 1020 1800 
654 398 1020 1780 
612 396 1020 1720 
584 396 1020 1680 
542 396 1020 1620 
516 394 1020 1580 
474 394 1020 1520 
460 394 1020 1500 
446 394 1020 1480 
432 394 1020 1460 
418 394 1020 1440 
404 392 1020 1420 
376 390 1020 1380 
348 390 1020 1340 
334 390 1020 1320 
290 386 1020 1260 
278 386 1020 1240 
250 386 1020 1200 
234 384 1020 1180 
176 380 1020 1100 
132 376 1020 1040 
116 376 1020 1020 
612 412 1000 1720 
598 412 1000 1700 
584 412 1000 1680 
556 410 1000 1640 
530 410 1000 1600 
514 410 1000 1580 
488 410 1000 1540 
474 410 1000 1520 
458 410 1000 1500 
446 408 1000 1480 
418 408 1000 1440 
376 406 1000 1380 
362 406 1000 1360 
334 406 1000 1320 
306 404 1000 1280 
390 350 1080 1400 
292 402 1000 1260 
250 400 1000 1200 
176 396 1000 1100 
162 396 1000 1080 
146 394 1000 1060 
132 392 1000 1040 
460 366 1060 1500 
116 392 1000 1020 
102 390 1000 1000 
668 426 980 1800 
432 408 1000 1460 
654 426 980 1780 
612 428 980 1720 
584 426 980 1680 
570 426 980 1660 
556 426 980 1640 
542 426 980 1620 
234 356 1060 1180 
486 424 980 1540 
474 424 980 1520 
460 422 980 1500 
446 422 980 1480 
432 424 980 1460 
418 424 980 1440 
362 420 980 1360 
278 414 980 1240 
262 416 980 1220 
146 410 980 1060 
102 404 980 1000 
668 442 960 1800 
654 442 960 1780 
640 442 960 1760 
598 440 960 1700 
542 440 960 1620 
528 440 960 1600 
514 440 960 1580 
502 440 960 1560 
488 438 960 1540 
160 378 1020 1080 
472 438 960 1520 
460 440 960 1500 
390 436 960 1400 
374 436 960 1380 
348 434 960 1340 
320 434 960 1300 
278 432 960 1240 
262 430 960 1220 
502 410 1000 1560 
248 428 960 1200 
234 428 960 1180 
220 428 960 1160 
190 428 960 1120 
160 426 960 1080 
132 424 960 1040 
102 422 960 1000 
640 458 940 1760 
626 456 940 1740 
598 456 940 1700 
542 454 940 1620 
528 456 940 1600 
514 454 940 1580 
500 454 940 1560 
150 320 1100 1060 
472 454 940 1520 
432 452 940 1460 
418 452 940 1440 
348 450 940 1340 
234 370 1040 1180 
292 448 940 1260 
278 446 940 1240 
262 444 940 1220 
248 444 940 1200 
220 442 940 1160 
206 444 940 1140 
176 440 940 1100 
160 440 940 1080 
116 438 940 1020 
102 436 940 1000 
668 472 920 1800 
626 470 920 1740 
570 470 920 1660 
542 470 920 1620 
530 470 920 1600 
500 470 920 1560 
488 468 920 1540 
460 468 920 1500 
444 468 920 1480 
416 466 920 1440 
404 466 920 1420 
360 464 920 1360 
334 464 920 1320 
306 462 920 1280 
276 462 920 1240 
262 460 920 1220 
248 460 920 1200 
292 360 1060 1260 
486 454 940 1540 
234 458 920 1180 
204 456 920 1140 
174 456 920 1100 
146 454 920 1060 
134 452 920 1040 
404 378 1040 1420 
320 448 940 1300 
100 452 920 1000 
668 486 900 1800 
626 486 900 1740 
598 356 1080 1700 
596 486 900 1700 
584 486 900 1680 
570 486 900 1660 
528 486 900 1600 
668 384 1040 1800 
488 484 900 1540 
472 482 900 1520 
444 484 900 1480 
430 482 900 1460 
404 482 900 1420 
320 478 900 1300 
304 478 900 1280 
292 476 900 1260 
276 476 900 1240 
502 426 980 1560 
248 476 900 1200 
204 474 900 1140 
146 470 900 1060 
130 468 900 1040 
118 466 900 1020 
102 466 900 1000 
668 502 880 1800 
654 500 880 1780 
626 370 1060 1740 
624 500 880 1740 
584 500 880 1680 
544 500 880 1620 
514 498 880 1580 
502 368 1060 1560 
500 498 880 1560 
430 496 880 1460 
402 496 880 1420 
390 496 880 1400 
362 494 880 1360 
348 494 880 1340 
334 362 1060 1320 
332 492 880 1320 
320 492 880 1300 
304 492 880 1280 
292 492 880 1260 
248 490 880 1200 
234 490 880 1180 
204 488 880 1140 
190 486 880 1120 
162 486 880 1080 
146 484 880 1060 
126 488 880 1040 
320 404 1000 1300 
100 480 880 1000 
668 516 860 1800 
652 516 860 1780 
228 680 620 1180 
638 516 860 1760 
612 514 860 1720 
582 514 860 1680 
308 816 440 1300 
486 514 860 1540 
472 512 860 1520 
332 940 280 1340 
458 512 860 1500 
444 512 860 1480 
360 926 300 1380 
388 510 860 1400 
376 510 860 1380 
262 490 880 1220 
624 558 800 1740 
346 508 860 1340 
334 508 860 1320 
290 506 860 1260 
204 502 860 1140 
116 496 860 1020 
352 848 400 1360 
340 728 560 1340 
458 570 780 1500 
584 530 840 1680 
374 598 740 1380 
542 528 840 1620 
156 874 360 1100 
564 960 260 1660 
276 506 860 1240 
514 528 840 1580 
622 1056 140 1740 
134 984 220 1080 
444 526 840 1480 
294 522 840 1260 
666 560 800 1800 
232 518 840 1180 
148 378 1020 1060 
570 530 840 1660 
160 514 840 1080 
102 512 840 1000 
612 544 820 1720 
514 542 820 1580 
472 542 820 1520 
238 770 500 1200 
360 538 820 1360 
458 542 820 1500 
388 538 820 1400 
228 938 280 1200 
332 538 820 1320 
192 368 1040 1120 
318 536 820 1300 
218 532 820 1160 
204 532 820 1140 
528 544 820 1600 
306 448 940 1280 
188 530 820 1120 
158 530 820 1080 
652 560 800 1780 
598 428 980 1700 
596 558 800 1700 
568 558 800 1660 
594 974 240 1700 
326 758 520 1320 
556 558 800 1640 
528 556 800 1600 
500 556 800 1560 
472 556 800 1520 
458 554 800 1500 
402 540 820 1420 
610 632 700 1720 
444 554 800 1480 
114 570 760 1020 
202 890 340 1160 
360 552 800 1360 
312 742 540 1300 
332 552 800 1320 
318 550 800 1300 
246 548 800 1200 
216 546 800 1160 
306 432 960 1280 
188 546 800 1120 
174 546 800 1100 
638 574 780 1760 
330 654 660 1320 
596 572 780 1700 
540 572 780 1620 
444 570 780 1480 
608 990 220 1720 
268 754 520 1240 
172 620 700 1100 
374 568 780 1380 
362 436 960 1360 
360 566 780 1360 
288 564 780 1260 
246 562 780 1200 
204 546 800 1140 
188 560 780 1120 
158 560 780 1080 
348 924 300 1360 
116 556 780 1020 
484 686 620 1540 
486 556 800 1540 
666 588 760 1800 
652 588 760 1780 
306 862 380 1300 
638 588 760 1760 
596 588 760 1700 
540 586 760 1620 
580 852 400 1680 
484 586 760 1540 
430 584 760 1460 
416 582 760 1440 
346 582 760 1340 
334 450 940 1320 
332 580 760 1320 
318 580 760 1300 
290 580 760 1260 
274 578 760 1240 
260 578 760 1220 
202 576 760 1140 
174 574 760 1100 
144 588 740 1060 
532 1054 140 1620 
158 574 760 1080 
100 570 760 1000 
652 604 740 1780 
542 602 740 1620 
246 578 760 1200 
472 600 740 1520 
124 708 580 1040 
456 598 740 1500 
430 598 740 1460 
412 602 740 1440 
318 594 740 1300 
304 594 740 1280 
594 822 440 1700 
188 590 740 1120 
144 572 760 1060 
158 590 740 1080 
652 618 720 1780 
638 618 720 1760 
500 380 1040 1560 
624 618 720 1740 
596 616 720 1700 
388 988 220 1420 
524 620 720 1600 
512 616 720 1580 
278 360 1060 1240 
564 944 280 1660 
366 816 440 1380 
470 612 720 1520 
456 614 720 1500 
386 612 720 1400 
552 790 480 1640 
554 660 660 1640 
302 608 720 1280 
244 606 720 1200 
160 500 860 1080 
232 606 720 1180 
188 604 720 1120 
276 534 820 1240 
172 604 720 1100 
158 604 720 1080 
116 1000 200 1060 
214 664 640 1160 
346 552 800 1340 
376 420 980 1380 
536 944 280 1620 
142 602 720 1060 
434 910 320 1480 
128 602 720 1040 
498 614 720 1560 
666 632 700 1800 
214 650 660 1160 
624 632 700 1740 
406 894 340 1440 
596 632 700 1700 
582 630 700 1680 
126 676 620 1040 
456 628 700 1500 
446 498 880 1480 
610 558 800 1720 
444 628 700 1480 
274 608 720 1240 
348 464 920 1340 
414 628 700 1440 
202 590 740 1140 
400 626 700 1420 
344 626 700 1340 
556 440 960 1640 
116 512 840 1020 
260 564 780 1220 
100 1000 200 1040 
90 750 520 1000 
404 926 300 1440 
330 624 700 1320 
174 530 820 1100 
316 624 700 1300 
668 530 840 1800 
244 622 700 1200 
186 620 700 1120 
254 1002 200 1240 
514 572 780 1580 
156 618 700 1080 
536 928 300 1620 
142 618 700 1060 
444 438 960 1480 
438 834 420 1480 
126 618 700 1040 
112 616 700 1020 
316 654 660 1300 
98 616 700 1000 
652 646 680 1780 
596 646 680 1700 
472 528 840 1520 
380 862 380 1400 
568 644 680 1660 
554 646 680 1640 
542 514 860 1620 
540 644 680 1620 
498 644 680 1560 
408 864 380 1440 
346 596 740 1340 
470 642 680 1520 
454 774 500 1500 
442 642 680 1480 
418 510 860 1440 
416 640 680 1440 
192 412 980 1120 
400 640 680 1420 
144 498 860 1060 
372 640 680 1380 
358 640 680 1360 
556 456 940 1640 
446 956 260 1500 
116 528 820 1020 
260 548 800 1220 
330 640 680 1320 
302 638 680 1280 
482 788 480 1540 
386 654 660 1400 
288 638 680 1260 
448 926 300 1500 
258 636 680 1220 
230 636 680 1180 
216 636 680 1160 
112 632 680 1020 
400 1036 160 1440 
96 630 680 1000 
290 892 340 1280 
652 660 660 1780 
582 660 660 1680 
126 646 660 1040 
458 528 840 1500 
456 658 660 1500 
454 788 480 1500 
442 656 660 1480 
430 526 840 1460 
428 656 660 1460 
418 526 840 1440 
416 656 660 1440 
186 634 680 1120 
400 656 660 1420 
122 938 280 1060 
128 542 800 1040 
358 654 660 1360 
422 850 400 1460 
202 562 780 1140 
556 544 820 1640 
302 652 660 1280 
140 890 340 1080 
274 652 660 1240 
242 652 660 1200 
186 648 660 1120 
170 648 660 1100 
472 570 780 1520 
170 678 620 1100 
286 682 620 1260 
140 648 660 1060 
220 414 980 1160 
440 730 560 1480 
110 646 660 1020 
96 644 660 1000 
666 676 640 1800 
652 676 640 1780 
638 676 640 1760 
276 550 800 1240 
624 674 640 1740 
610 674 640 1720 
196 770 500 1140 
596 674 640 1700 
598 544 820 1700 
332 566 780 1320 
582 674 640 1680 
568 674 640 1660 
540 674 640 1620 
526 672 640 1600 
492 894 340 1560 
624 530 840 1740 
626 382 1040 1740 
248 846 400 1220 
396 818 440 1420 
512 674 640 1580 
248 534 820 1200 
498 672 640 1560 
282 770 500 1260 
470 672 640 1520 
166 954 260 1120 
372 668 640 1380 
610 660 660 1720 
192 382 1020 1120 
316 668 640 1300 
306 846 400 1300 
638 604 740 1760 
228 664 640 1180 
200 664 640 1140 
430 512 860 1460 
184 664 640 1120 
376 494 880 1380 
170 664 640 1100 
330 610 720 1320 
220 398 1000 1160 
336 1090 100 1360 
440 714 580 1480 
454 700 600 1500 
356 684 620 1360 
110 662 640 1020 
318 566 780 1300 
610 616 720 1720 
176 472 900 1100 
94 660 640 1000 
666 690 620 1800 
98 1016 180 1040 
638 690 620 1760 
196 754 520 1140 
596 690 620 1700 
568 688 620 1660 
612 472 920 1720 
430 612 720 1460 
442 702 600 1480 
526 688 620 1600 
262 474 900 1220 
514 558 800 1580 
512 688 620 1580 
248 518 840 1200 
374 478 900 1380 
542 616 720 1620 
498 688 620 1560 
374 610 720 1380 
470 688 620 1520 
440 686 620 1480 
174 860 380 1120 
402 554 800 1420 
400 684 620 1420 
372 684 620 1380 
206 354 1060 1140 
300 682 620 1280 
570 516 860 1660 
272 682 620 1240 
666 648 680 1800 
244 680 620 1200 
116 1016 180 1060 
512 732 560 1580 
624 602 740 1740 
214 680 620 1160 
398 1070 120 1440 
302 624 700 1280 
198 678 620 1140 
264 846 400 1240 
414 684 620 1440 
170 634 680 1100 
140 676 620 1060 
110 676 620 1020 
304 536 820 1280 
652 704 600 1780 
218 502 860 1160 
554 602 740 1640 
638 704 600 1760 
514 484 900 1580 
624 704 600 1740 
152 708 580 1080 
610 574 780 1720 
608 704 600 1720 
596 704 600 1700 
570 572 780 1660 
568 702 600 1660 
554 702 600 1640 
400 670 640 1420 
612 500 880 1720 
150 768 500 1080 
526 702 600 1600 
666 662 660 1800 
470 702 600 1520 
368 802 460 1380 
666 604 740 1800 
516 380 1040 1580 
488 1052 140 1560 
622 882 360 1740 
510 776 500 1580 
412 700 600 1440 
402 570 780 1420 
400 700 600 1420 
578 992 220 1680 
384 698 600 1400 
356 698 600 1360 
314 698 600 1300 
176 426 960 1100 
314 970 240 1320 
94 706 580 1000 
300 696 600 1280 
498 584 760 1560 
270 696 600 1240 
448 972 240 1500 
256 696 600 1220 
304 506 860 1280 
184 694 600 1120 
148 336 1080 1060 
160 456 920 1080 
368 1068 120 1400 
472 628 700 1520 
168 692 600 1100 
472 584 760 1520 
154 692 600 1080 
140 692 600 1060 
640 560 800 1760 
358 626 700 1360 
338 786 480 1340 
108 690 600 1020 
610 646 680 1720 
596 836 420 1700 
94 690 600 1000 
608 898 340 1720 
372 582 760 1380 
402 598 740 1420 
666 720 580 1800 
304 550 800 1280 
652 718 580 1780 
624 718 580 1740 
528 426 980 1600 
610 718 580 1720 
638 646 680 1760 
536 720 580 1620 
498 714 580 1560 
460 988 220 1520 
482 716 580 1540 
376 466 920 1380 
538 732 560 1620 
388 598 740 1400 
470 714 580 1520 
86 810 440 1000 
638 632 700 1760 
204 518 840 1140 
300 666 640 1280 
426 714 580 1460 
530 382 1040 1600 
652 978 240 1780 
164 798 460 1100 
528 512 860 1600 
94 674 620 1000 
398 714 580 1420 
384 744 540 1400 
290 536 820 1260 
234 404 1000 1180 
232 534 820 1180 
578 1008 200 1680 
384 714 580 1400 
264 1086 100 1260 
370 712 580 1380 
356 712 580 1360 
348 406 1000 1340 
132 812 440 1060 
622 646 680 1740 
246 922 300 1220 
342 712 580 1340 
328 712 580 1320 
314 712 580 1300 
300 712 580 1280 
500 396 1020 1560 
344 698 600 1340 
284 712 580 1260 
608 976 240 1720 
542 544 820 1620 
374 554 800 1380 
270 712 580 1240 
256 710 580 1220 
240 710 580 1200 
198 710 580 1140 
182 708 580 1120 
168 706 580 1100 
360 510 860 1360 
138 706 580 1060 
108 706 580 1020 
666 734 560 1800 
652 734 560 1780 
520 926 300 1600 
276 876 360 1260 
296 770 500 1280 
610 732 560 1720 
334 434 960 1320 
594 732 560 1700 
568 732 560 1660 
612 530 840 1720 
524 732 560 1600 
148 426 960 1060 
274 594 740 1240 
484 730 560 1540 
486 600 740 1540 
624 732 560 1740 
390 452 940 1400 
376 450 940 1380 
66 1032 160 1000 
388 582 760 1400 
146 438 940 1060 
470 730 560 1520 
426 730 560 1460 
584 370 1060 1680 
412 728 560 1440 
528 528 840 1600 
100 556 780 1000 
398 730 560 1420 
384 728 560 1400 
370 728 560 1380 
356 726 560 1360 
556 484 900 1640 
260 592 740 1220 
328 726 560 1320 
498 702 600 1560 
398 744 540 1420 
314 726 560 1300 
284 726 560 1260 
156 648 660 1080 
270 726 560 1240 
454 744 540 1500 
254 726 560 1220 
226 724 560 1180 
210 724 560 1160 
182 724 560 1120 
168 722 560 1100 
638 544 820 1760 
484 642 680 1540 
136 722 560 1060 
122 722 560 1040 
108 720 560 1020 
92 720 560 1000 
266 344 1080 1220 
666 748 540 1800 
272 940 280 1260 
428 670 640 1460 
652 748 540 1780 
638 748 540 1760 
404 524 840 1420 
610 748 540 1720 
594 746 540 1700 
582 616 720 1680 
580 746 540 1680 
566 746 540 1660 
554 746 540 1640 
622 836 420 1740 
510 746 540 1580 
498 746 540 1560 
94 1088 100 1040 
232 548 800 1180 
440 744 540 1480 
426 744 540 1460 
80 904 320 1000 
568 588 760 1660 
272 666 640 1240 
666 884 360 1800 
412 742 540 1440 
356 742 540 1360 
340 742 540 1340 
328 742 540 1320 
268 742 540 1240 
334 522 840 1320 
254 740 540 1220 
114 586 740 1020 
238 740 540 1200 
168 938 280 1120 
224 738 540 1180 
212 738 540 1160 
146 348 1060 1060 
652 1024 180 1780 
540 658 660 1620 
166 738 540 1100 
150 736 540 1080 
122 736 540 1040 
200 636 680 1140 
304 520 840 1280 
176 410 980 1100 
204 426 960 1140 
554 674 640 1640 
106 736 540 1020 
432 468 920 1460 
610 602 740 1720 
92 736 540 1000 
430 626 700 1460 
226 694 600 1180 
652 762 520 1780 
418 364 1060 1440 
624 762 520 1740 
500 600 740 1560 
520 958 260 1600 
164 986 220 1120 
610 764 520 1720 
594 762 520 1700 
416 540 820 1440 
566 762 520 1660 
552 760 520 1640 
400 582 760 1420 
302 418 980 1280 
526 630 700 1600 
524 760 520 1600 
464 864 380 1520 
568 616 720 1660 
354 1066 120 1380 
510 760 520 1580 
496 760 520 1560 
498 630 700 1560 
390 480 900 1400 
140 662 640 1060 
286 668 640 1260 
288 594 740 1260 
482 760 520 1540 
454 760 520 1500 
362 892 340 1380 
580 762 520 1680 
220 370 1040 1160 
440 758 520 1480 
432 378 1040 1460 
426 758 520 1460 
398 758 520 1420 
446 380 1040 1480 
456 714 580 1500 
458 584 760 1500 
354 756 520 1360 
636 1008 200 1760 
312 756 520 1300 
298 756 520 1280 
266 784 480 1240 
284 756 520 1260 
498 572 780 1560 
456 644 680 1500 
220 458 920 1160 
240 756 520 1200 
168 922 300 1120 
224 754 520 1180 
180 752 520 1120 
396 802 460 1420 
344 640 680 1340 
608 914 320 1720 
166 752 520 1100 
150 752 520 1080 
476 988 220 1540 
580 732 560 1680 
512 630 700 1580 
136 752 520 1060 
668 414 1000 1800 
290 550 800 1260 
230 622 700 1180 
120 752 520 1040 
472 1036 160 1540 
106 750 520 1020 
200 922 300 1160 
554 588 760 1640 
638 778 500 1760 
210 954 260 1180 
412 760 520 1440 
412 788 480 1440 
622 778 500 1740 
594 778 500 1700 
486 526 840 1540 
360 1004 200 1380 
580 776 500 1680 
538 774 500 1620 
400 612 720 1420 
524 774 500 1600 
568 632 700 1660 
622 868 380 1740 
412 714 580 1440 
210 970 240 1180 
360 582 760 1360 
564 912 320 1660 
468 774 500 1520 
440 774 500 1480 
398 772 500 1420 
570 412 1000 1660 
368 772 500 1380 
354 772 500 1360 
338 772 500 1340 
310 772 500 1300 
266 770 500 1240 
652 690 620 1780 
552 804 460 1640 
224 768 500 1180 
180 768 500 1120 
652 806 460 1780 
164 770 500 1100 
666 794 480 1800 
444 614 720 1480 
192 440 940 1120 
298 742 540 1280 
446 452 940 1480 
652 794 480 1780 
228 710 580 1180 
636 792 480 1760 
274 624 700 1240 
622 792 480 1740 
608 792 480 1720 
324 1052 140 1340 
594 790 480 1700 
626 514 860 1740 
468 760 520 1520 
566 790 480 1660 
538 792 480 1620 
120 782 480 1040 
666 900 340 1800 
510 790 480 1580 
496 790 480 1560 
486 572 780 1540 
216 592 740 1160 
360 596 740 1360 
468 788 480 1520 
232 504 860 1180 
486 542 820 1540 
580 792 480 1680 
440 788 480 1480 
206 828 420 1160 
426 788 480 1460 
262 520 840 1220 
396 788 480 1420 
354 788 480 1360 
580 866 380 1680 
638 732 560 1760 
230 922 300 1200 
324 788 480 1320 
516 1092 100 1600 
606 1054 140 1720 
294 786 480 1280 
162 410 980 1080 
666 574 780 1800 
262 876 360 1240 
278 402 1000 1240 
282 784 480 1260 
154 662 640 1080 
492 910 320 1560 
192 782 480 1140 
458 1056 140 1520 
178 784 480 1120 
280 816 440 1260 
148 784 480 1080 
666 914 320 1800 
134 782 480 1060 
554 718 580 1640 
296 1070 120 1300 
104 782 480 1020 
666 808 460 1800 
306 374 1040 1280 
594 960 260 1700 
200 620 700 1140 
278 862 380 1260 
608 806 460 1720 
390 392 1020 1400 
580 806 460 1680 
494 804 460 1560 
488 498 880 1540 
578 1056 140 1680 
438 804 460 1480 
262 506 860 1220 
352 800 460 1360 
216 576 760 1160 
338 802 460 1340 
362 392 1020 1360 
360 522 840 1360 
324 802 460 1320 
310 802 460 1300 
220 1070 120 1200 
280 800 460 1260 
212 710 580 1160 
668 1024 180 1800 
252 800 460 1220 
236 800 460 1200 
190 798 460 1140 
178 798 460 1120 
148 798 460 1080 
462 910 320 1520 
384 772 500 1400 
386 642 680 1400 
482 774 500 1540 
134 798 460 1060 
502 1094 100 1580 
236 784 480 1200 
410 802 460 1440 
118 798 460 1040 
116 480 880 1020 
110 876 360 1040 
128 632 680 1040 
102 796 460 1020 
624 544 820 1740 
666 822 440 1800 
652 822 440 1780 
242 666 640 1200 
636 822 440 1760 
392 422 980 1400 
534 1022 180 1620 
164 784 480 1100 
666 962 260 1800 
622 822 440 1740 
580 820 440 1680 
174 846 400 1120 
538 820 440 1620 
522 816 440 1600 
156 634 680 1080 
364 878 360 1380 
138 922 300 1080 
152 938 280 1100 
480 818 440 1540 
130 364 1040 1040 
212 940 280 1180 
330 970 240 1340 
452 818 440 1500 
576 976 240 1680 
438 818 440 1480 
608 928 300 1720 
154 678 620 1080 
140 1072 120 1100 
324 816 440 1320 
144 1032 160 1100 
288 924 300 1280 
582 558 800 1680 
234 814 440 1200 
608 850 400 1720 
222 814 440 1180 
444 584 760 1480 
428 686 620 1460 
444 1054 140 1500 
206 814 440 1160 
308 346 1080 1280 
404 452 940 1420 
176 814 440 1120 
114 600 720 1020 
322 860 380 1320 
102 812 440 1020 
540 630 700 1620 
666 838 420 1800 
344 956 260 1360 
430 554 800 1460 
650 838 420 1780 
424 804 460 1460 
380 832 420 1400 
666 618 720 1800 
500 484 900 1560 
188 1072 120 1160 
608 836 420 1720 
172 1048 140 1140 
244 636 680 1200 
316 956 260 1320 
538 836 420 1620 
522 834 420 1600 
452 832 420 1500 
424 832 420 1460 
408 832 420 1440 
128 844 400 1060 
652 574 780 1780 
594 852 400 1700 
88 798 460 1000 
462 958 260 1520 
366 832 420 1380 
336 832 420 1340 
596 500 880 1700 
322 832 420 1320 
612 442 960 1720 
430 642 680 1460 
280 832 420 1260 
286 940 280 1280 
484 700 600 1540 
362 450 940 1360 
264 830 420 1240 
250 830 420 1220 
184 1090 100 1160 
174 828 420 1120 
232 592 740 1180 
160 828 420 1100 
146 828 420 1080 
626 396 1020 1740 
130 830 420 1060 
252 786 480 1220 
208 784 480 1160 
116 828 420 1040 
100 828 420 1020 
218 386 1020 1160 
666 852 400 1800 
90 952 260 1020 
550 928 300 1640 
650 852 400 1780 
402 1004 200 1440 
194 936 280 1160 
638 852 400 1760 
278 374 1040 1240 
470 658 660 1520 
552 850 400 1640 
524 850 400 1600 
494 850 400 1560 
472 468 920 1520 
466 848 400 1520 
160 544 800 1080 
452 848 400 1500 
62 1088 100 1000 
276 520 840 1240 
294 414 980 1260 
274 564 780 1240 
382 758 520 1400 
410 848 400 1440 
564 974 240 1660 
664 930 300 1800 
394 848 400 1420 
566 850 400 1660 
364 846 400 1380 
286 956 260 1280 
336 846 400 1340 
382 788 480 1400 
568 544 820 1660 
292 846 400 1280 
222 1018 180 1200 
374 970 240 1400 
234 846 400 1200 
418 974 240 1460 
204 846 400 1160 
190 1034 160 1160 
596 530 840 1700 
216 620 700 1160 
552 688 620 1640 
578 928 300 1680 
84 840 400 1000 
652 1008 200 1780 
70 1000 200 1000 
488 1070 120 1560 
666 868 380 1800 
124 1086 100 1080 
652 868 380 1780 
568 660 660 1660 
562 1056 140 1660 
500 544 820 1560 
608 866 380 1720 
196 724 560 1140 
88 782 480 1000 
556 500 880 1640 
252 1018 180 1240 
548 1006 200 1640 
110 888 340 1040 
594 868 380 1700 
636 868 380 1760 
550 866 380 1640 
174 560 780 1100 
522 864 380 1600 
160 844 400 1100 
536 912 320 1620 
494 866 380 1560 
478 864 380 1540 
568 602 740 1660 
452 864 380 1500 
584 472 920 1680 
436 864 380 1480 
422 862 380 1460 
394 864 380 1420 
334 864 380 1340 
124 662 640 1040 
322 848 400 1320 
518 1004 200 1600 
102 360 1040 1000 
404 408 1000 1420 
80 888 340 1000 
292 862 380 1280 
570 500 880 1660 
484 672 640 1540 
562 1022 180 1660 
514 426 980 1580 
262 862 380 1240 
582 572 780 1680 
580 702 600 1680 
234 860 380 1200 
320 388 1020 1300 
404 422 980 1420 
188 860 380 1140 
666 704 600 1800 
298 988 220 1300 
388 974 240 1420 
294 830 420 1280 
144 860 380 1080 
258 622 700 1220 
638 806 460 1760 
84 858 380 1000 
218 562 780 1160 
308 1050 140 1320 
402 972 240 1440 
638 884 360 1760 
608 882 360 1720 
218 472 900 1160 
666 978 240 1800 
622 806 460 1740 
260 608 720 1220 
466 806 460 1520 
246 860 380 1220 
206 412 980 1140 
552 912 320 1640 
594 882 360 1700 
160 476 900 1080 
286 652 660 1260 
666 764 520 1800 
262 1072 120 1260 
144 544 800 1060 
566 880 360 1660 
536 880 360 1620 
318 508 860 1300 
222 784 480 1180 
522 880 360 1600 
508 880 360 1580 
466 878 360 1520 
100 842 400 1020 
638 928 300 1760 
450 880 360 1500 
438 878 360 1480 
348 420 980 1340 
394 878 360 1420 
358 610 720 1360 
306 876 360 1300 
378 878 360 1400 
506 972 240 1580 
362 480 900 1360 
490 1022 180 1560 
566 822 440 1660 
172 590 740 1100 
446 1004 200 1500 
348 880 360 1360 
328 698 600 1320 
334 878 360 1340 
282 1020 180 1280 
98 858 380 1020 
322 876 360 1320 
174 1000 200 1140 
190 830 420 1140 
330 1004 200 1340 
478 910 320 1540 
142 906 320 1080 
362 376 1040 1360 
248 876 360 1220 
460 452 940 1500 
232 874 360 1200 
598 514 860 1700 
362 348 1080 1360 
458 482 900 1500 
202 876 360 1160 
188 874 360 1140 
126 874 360 1060 
98 1048 140 1040 
318 924 300 1320 
96 874 360 1020 
170 906 320 1120 
102 374 1020 1000 
80 874 360 1000 
190 472 900 1120 
638 898 340 1760 
594 896 340 1700 
234 414 980 1180 
580 898 340 1680 
138 936 280 1080 
144 560 780 1060 
566 896 340 1660 
538 896 340 1620 
328 986 220 1340 
128 860 380 1060 
522 896 340 1600 
508 894 340 1580 
550 882 360 1640 
432 988 220 1480 
446 990 220 1500 
334 892 340 1340 
640 428 980 1760 
160 814 440 1100 
370 698 600 1380 
464 894 340 1520 
496 730 560 1560 
250 416 980 1200 
418 482 900 1440 
242 954 260 1220 
388 956 260 1420 
294 816 440 1280 
548 1020 180 1640 
108 1068 120 1060 
434 894 340 1480 
118 406 980 1020 
130 514 840 1040 
422 894 340 1460 
254 986 220 1240 
410 816 440 1440 
596 660 660 1700 
636 1040 160 1760 
118 334 1080 1020 
548 1038 160 1640 
128 572 760 1040 
348 892 340 1360 
332 594 740 1320 
320 894 340 1320 
622 898 340 1740 
274 892 340 1260 
622 992 220 1740 
260 894 340 1240 
246 892 340 1220 
530 1092 100 1620 
230 892 340 1200 
638 944 280 1760 
514 600 740 1580 
150 970 240 1100 
186 892 340 1140 
210 754 520 1160 
414 670 640 1440 
542 410 1000 1620 
608 1094 100 1720 
172 892 340 1120 
156 890 340 1100 
250 1052 140 1240 
126 890 340 1060 
346 478 900 1340 
410 772 500 1440 
96 890 340 1020 
292 1090 100 1300 
386 1036 160 1420 
652 914 320 1780 
352 816 440 1360 
538 804 460 1620 
152 722 560 1080 
520 910 320 1600 
276 492 880 1240 
468 744 540 1520 
114 844 400 1040 
506 910 320 1580 
612 384 1040 1720 
368 1090 100 1400 
148 814 440 1080 
120 968 240 1060 
450 910 320 1500 
418 438 960 1440 
500 658 660 1560 
416 568 780 1440 
376 376 1040 1380 
294 800 460 1280 
242 694 600 1200 
172 1072 120 1140 
466 818 440 1520 
196 738 540 1140 
406 908 320 1440 
376 908 320 1400 
318 908 320 1320 
326 770 500 1320 
274 908 320 1260 
246 908 320 1220 
214 906 320 1180 
406 878 360 1440 
200 906 320 1160 
154 906 320 1100 
126 906 320 1060 
266 814 440 1240 
598 472 920 1700 
596 602 740 1700 
228 908 320 1200 
386 684 620 1400 
260 924 300 1240 
638 502 880 1760 
578 958 260 1680 
480 878 360 1540 
232 578 760 1180 
226 954 260 1200 
494 926 300 1560 
464 924 300 1520 
552 776 500 1640 
380 816 440 1400 
258 652 660 1220 
132 438 940 1040 
326 1036 160 1340 
552 732 560 1640 
84 828 420 1000 
104 984 220 1040 
556 514 860 1640 
434 926 300 1480 
390 922 300 1420 
652 928 300 1780 
376 924 300 1400 
388 524 840 1400 
226 970 240 1200 
232 562 780 1180 
120 952 260 1060 
356 668 640 1360 
454 730 560 1500 
668 1058 140 1800 
390 466 920 1400 
536 864 380 1620 
458 496 880 1500 
238 988 220 1220 
244 592 740 1200 
332 924 300 1340 
314 682 620 1300 
452 804 460 1500 
134 330 1080 1040 
598 928 300 1700 
214 924 300 1180 
528 500 880 1600 
608 778 500 1720 
520 988 220 1600 
418 940 280 1460 
302 924 300 1300 
634 666 660 1760 
152 924 300 1100 
200 1088 100 1180 
554 630 700 1640 
456 672 640 1500 
582 718 580 1680 
94 1030 160 1040 
250 814 440 1220 
166 1086 100 1140 
296 1020 180 1300 
76 920 300 1000 
622 852 400 1740 
666 944 280 1800 
650 884 360 1780 
216 876 360 1180 
622 944 280 1740 
606 944 280 1720 
348 362 1060 1340 
508 926 300 1580 
108 906 320 1040 
636 1058 140 1760 
592 942 280 1700 
622 1072 120 1740 
480 896 340 1540 
482 746 540 1540 
638 486 900 1760 
578 942 280 1680 
460 1092 100 1520 
482 804 460 1540 
550 942 280 1640 
404 510 860 1420 
220 1052 140 1200 
174 516 840 1100 
650 1058 140 1780 
164 1002 200 1120 
520 942 280 1600 
506 942 280 1580 
494 834 420 1560 
316 640 680 1300 
306 388 1020 1280 
76 936 280 1000 
116 452 920 1020 
434 940 280 1480 
312 988 220 1320 
276 1070 120 1280 
288 624 700 1260 
360 940 280 1380 
400 1092 100 1440 
638 762 520 1760 
308 1068 120 1320 
546 1094 100 1640 
262 384 1020 1220 
234 1048 140 1220 
316 938 280 1320 
258 940 280 1240 
430 1036 160 1480 
114 542 800 1020 
158 860 380 1100 
340 756 520 1340 
418 956 260 1460 
596 718 580 1700 
474 1022 180 1540 
182 738 540 1120 
638 960 260 1760 
150 984 220 1100 
626 442 960 1740 
512 702 600 1580 
654 456 940 1780 
342 1004 200 1360 
592 1040 160 1700 
618 1024 180 1740 
550 958 260 1640 
262 534 820 1220 
510 834 420 1580 
284 740 540 1260 
534 958 260 1620 
476 958 260 1540 
98 586 740 1000 
310 1090 100 1320 
184 922 300 1140 
428 1092 100 1480 
376 956 260 1400 
654 412 1000 1780 
330 956 260 1340 
652 1040 160 1780 
374 538 820 1380 
496 774 500 1560 
392 940 280 1420 
654 1096 100 1780 
290 430 960 1260 
608 1006 200 1720 
238 1002 200 1220 
412 1020 180 1460 
338 1068 120 1360 
270 954 260 1260 
346 566 780 1340 
628 356 1080 1740 
256 956 260 1240 
318 522 840 1300 
222 798 460 1180 
582 588 760 1680 
218 488 880 1160 
104 1084 100 1060 
248 1088 100 1240 
206 398 1000 1140 
196 954 260 1160 
568 716 580 1660 
136 954 260 1080 
100 542 800 1000 
538 702 600 1620 
106 952 260 1040 
652 898 340 1780 
466 834 420 1520 
594 806 460 1700 
420 926 300 1460 
302 578 760 1280 
294 1052 140 1300 
424 818 440 1460 
356 1034 160 1380 
584 440 960 1680 
236 830 420 1200 
622 976 240 1740 
108 920 300 1040 
130 498 860 1040 
84 1016 180 1020 
306 360 1060 1280 
556 530 840 1640 
550 974 240 1640 
510 818 440 1580 
666 778 500 1800 
534 974 240 1620 
494 972 240 1560 
462 974 240 1520 
416 496 880 1440 
130 1032 160 1080 
476 942 280 1540 
510 850 400 1580 
76 1070 120 1020 
322 348 1080 1300 
92 936 280 1020 
334 376 1040 1320 
636 912 320 1760 
432 974 240 1480 
450 894 340 1500 
330 668 640 1320 
472 1052 140 1540 
624 690 620 1740 
624 588 760 1740 
344 684 620 1340 
506 958 260 1580 
576 1022 180 1680 
360 956 260 1380 
226 986 220 1200 
202 1070 120 1180 
614 356 1080 1720 
612 486 900 1720 
650 946 280 1780 
416 1036 160 1460 
302 954 260 1300 
320 374 1040 1300 
94 906 320 1020 
640 396 1020 1760 
582 602 740 1680 
228 650 660 1180 
300 970 240 1300 
622 928 300 1740 
152 952 260 1100 
286 970 240 1280 
348 908 320 1360 
326 1018 180 1340 
254 970 240 1240 
256 666 640 1220 
404 958 260 1440 
222 1002 200 1200 
374 986 220 1400 
248 1070 120 1240 
526 658 660 1600 
524 788 480 1600 
518 1052 140 1600 
174 876 360 1120 
310 1034 160 1320 
182 970 240 1140 
624 660 660 1740 
566 806 460 1660 
206 372 1040 1140 
216 1086 100 1200 
102 968 240 1040 
298 726 560 1280 
432 438 960 1460 
652 778 500 1780 
276 1088 100 1280 
88 968 240 1020 
74 966 240 1000 
552 820 440 1640 
122 920 300 1060 
462 942 280 1520 
622 912 320 1740 
668 992 220 1800 
70 1016 180 1000 
652 992 220 1780 
636 992 220 1760 
344 654 660 1340 
264 400 1000 1220 
490 1006 200 1560 
256 682 620 1220 
406 940 280 1440 
266 800 460 1240 
544 382 1040 1620 
388 568 780 1400 
538 762 520 1620 
280 1050 140 1280 
492 942 280 1560 
240 970 240 1220 
190 456 920 1120 
592 992 220 1700 
490 988 220 1560 
118 984 220 1060 
566 836 420 1660 
594 912 320 1700 
164 970 240 1120 
402 988 220 1440 
254 770 500 1220 
108 936 280 1040 
308 832 420 1300 
338 816 440 1340 
580 836 420 1680 
400 1052 140 1440 
666 1074 120 1800 
386 626 700 1400 
358 986 220 1380 
592 1024 180 1700 
342 988 220 1360 
566 866 380 1660 
190 814 440 1140 
194 984 220 1160 
640 412 1000 1760 
360 972 240 1380 
508 864 380 1580 
178 986 220 1140 
460 1036 160 1520 
74 984 220 1000 
666 1008 200 1800 
64 1070 120 1000 
382 802 460 1400 
364 864 380 1380 
144 528 820 1060 
620 1040 160 1740 
502 1070 120 1580 
198 650 660 1140 
622 1008 200 1740 
346 538 820 1340 
624 574 780 1740 
592 1006 200 1700 
86 984 220 1020 
570 396 1020 1660 
368 788 480 1380 
132 1002 200 1080 
524 746 540 1600 
474 972 240 1540 
374 524 840 1380 
372 654 660 1380 
290 462 920 1260 
534 1004 200 1620 
344 970 240 1360 
378 894 340 1400 
304 894 340 1300 
290 876 360 1280 
270 986 220 1260 
570 456 940 1660 
284 986 220 1280 
266 1018 180 1260 
504 1006 200 1580 
622 748 540 1740 
208 1004 200 1180 
510 804 460 1580 
556 396 1020 1640 
254 756 520 1220 
134 766 500 1060 
362 910 320 1380 
372 1020 180 1400 
312 1004 200 1320 
146 514 840 1060 
488 394 1020 1540 
156 1088 100 1120 
576 1094 100 1680 
288 608 720 1260 
100 526 820 1000 
378 350 1080 1380 
538 746 540 1620 
480 834 420 1540 
282 1002 200 1280 
266 1034 160 1260 
270 1002 200 1260 
500 512 860 1560 
350 832 420 1360 
432 956 260 1480 
624 960 260 1740 
536 850 400 1620 
142 632 680 1060 
194 1000 200 1160 
304 564 780 1280 
322 1090 100 1340 
216 892 340 1180 
610 690 620 1720 
608 820 440 1720 
610 588 760 1720 
444 598 740 1480 
288 908 320 1280 
286 696 600 1260 
512 658 660 1580 
432 540 820 1460 
668 356 1080 1800 
138 1086 100 1100 
504 988 220 1580 
332 478 900 1320 
86 1000 200 1020 
156 1070 120 1120 
578 882 360 1680 
422 910 320 1460 
638 1024 180 1760 
100 496 860 1000 
146 362 1040 1060 
608 1022 180 1720 
240 938 280 1220 
528 396 1020 1600 
136 970 240 1080 
492 880 360 1560 
528 602 740 1600 
346 940 280 1360 
236 1034 160 1220 
204 860 380 1160 
446 1020 180 1500 
92 920 300 1020 
384 670 640 1400 
584 456 940 1680 
436 848 400 1480 
90 766 500 1000 
592 1072 120 1700 
318 418 980 1300 
176 1034 160 1140 
442 1068 120 1500 
218 860 380 1180 
400 1020 180 1440 
184 678 620 1120 
176 486 880 1100 
218 832 420 1180 
652 632 700 1780 
592 1094 100 1700 
556 572 780 1640 
296 1034 160 1300 
238 1018 180 1220 
412 1068 120 1460 
218 518 840 1160 
260 908 320 1240 
356 1020 180 1380 
494 818 440 1560 
372 1002 200 1400 
146 1018 180 1100 
312 1020 180 1320 
264 358 1060 1220 
394 834 420 1420 
324 1066 120 1340 
404 436 960 1420 
190 844 400 1140 
162 1018 180 1120 
384 1068 120 1420 
264 1050 140 1260 
526 586 760 1600 
524 716 580 1600 
652 532 840 1780 
104 766 500 1020 
654 472 920 1780 
342 1020 180 1360 
208 340 1080 1140 
592 1056 140 1700 
176 1018 180 1140 
120 768 500 1040 
130 1018 180 1080 
174 500 860 1100 
404 366 1060 1420 
416 990 220 1460 
136 736 540 1060 
612 456 940 1720 
370 1036 160 1400 
208 1016 180 1180 
666 1040 160 1800 
272 970 240 1260 
472 498 880 1520 
464 1020 180 1520 
206 800 460 1160 
374 942 280 1400 
248 504 860 1200 
606 1040 160 1720 
414 1090 100 1460 
280 1034 160 1280 
532 1070 120 1620 
578 912 320 1680 
576 1038 160 1680 
320 464 920 1300 
564 1038 160 1660 
442 672 640 1480 
74 952 260 1000 
332 908 320 1340 
532 1038 160 1620 
144 844 400 1080 
542 558 800 1620 
540 688 620 1620 
504 1038 160 1580 
184 906 320 1140 
94 1072 120 1040 
622 1094 100 1740 
192 1016 180 1160 
514 514 860 1580 
512 644 680 1580 
488 1036 160 1560 
204 1050 140 1180 
128 588 740 1040 
548 990 220 1640 
80 1050 140 1020 
654 486 900 1780 
342 1034 160 1360 
190 502 860 1120 
302 940 280 1300 
528 572 780 1600 
474 366 1060 1520 
562 1094 100 1660 
132 408 980 1040 
546 1070 120 1640 
390 364 1060 1400 
570 380 1040 1660 
666 546 820 1800 
502 1054 140 1580 
158 1032 160 1120 
418 378 1040 1440 
214 694 600 1160 
542 484 900 1620 
652 1072 120 1780 
534 990 220 1620 
378 848 400 1400 
372 626 700 1380 
184 938 280 1140 
606 1072 120 1720 
638 718 580 1760 
582 646 680 1680 
334 348 1080 1320 
636 836 420 1760 
118 420 960 1020 
556 470 920 1640 
234 1088 100 1220 
550 898 340 1640 
262 374 1040 1220 
446 1036 160 1500 
390 1004 200 1420 
492 958 260 1560 
518 1036 160 1600 
352 1068 140 1380 
148 1000 200 1100 
430 570 780 1460 
428 700 600 1460 
652 962 260 1780 
216 606 720 1160 
292 344 1080 1260 
234 474 900 1180 
388 554 800 1400 
484 628 700 1540 
456 686 620 1500 
460 1004 200 1520 
310 788 480 1300 
448 942 280 1500 
250 1034 160 1240 
430 1022 180 1480 
548 1054 140 1640 
416 1004 200 1460 
428 1050 140 1480 
526 644 680 1600 
518 1070 120 1600 
74 1090 100 1020 
390 894 340 1420 
412 1052 140 1460 
384 1052 140 1420 
652 546 820 1780 
370 1052 140 1400 
514 468 920 1580 
346 610 720 1340 
114 858 380 1040 
504 1022 180 1580 
554 616 720 1640 
158 1050 140 1120 
188 576 760 1120 
480 850 400 1540 
334 1050 140 1360 
348 524 840 1340 
562 990 220 1660 
598 398 1020 1700 
190 1048 140 1160 
218 844 400 1180 
518 974 240 1600 
416 554 800 1440 
352 1092 100 1380 
350 862 380 1360 
376 364 1060 1380 
370 744 540 1380 
144 1048 140 1100 
112 1050 140 1060 
126 1050 140 1080 
524 806 460 1600 
232 1072 120 1220 
334 418 980 1320 
180 954 260 1140 
644 372 1060 1760 
304 908 320 1300 
130 528 820 1040 
442 1092 100 1500 
176 366 1040 1100 
640 1072 120 1760 
562 1072 120 1660 
626 412 1000 1740 
128 1072 120 1080 
472 1070 120 1540 
570 442 960 1660 
272 636 680 1240 
458 1068 120 1520 
390 910 320 1420 
206 382 1020 1140 
196 970 240 1160 
220 1034 160 1200 
240 726 560 1200 
422 878 360 1460 
296 1004 200 1300 
68 1050 140 1000 
640 470 920 1760 
582 544 820 1680 
208 986 220 1180 
202 606 720 1140 
278 846 400 1260 
640 530 840 1760 
472 1090 100 1540 
478 926 300 1540 
430 1068 120 1480 
572 368 1060 1660 
668 458 940 1800 
566 776 500 1660 
112 1032 160 1060 
82 1032 160 1020 
190 396 1000 1120 
636 1096 100 1760 
640 356 1080 1760 
390 406 1000 1400 
484 614 720 1540 
142 874 360 1080 
318 610 720 1300 
202 1032 160 1180 
478 1004 200 1540 
626 428 980 1740 
514 586 760 1580 
512 716 580 1580 
488 1092 100 1560 
584 356 1080 1680 
414 612 720 1440 
562 1004 200 1660 
552 834 420 1640 
430 1004 200 1480 
190 516 840 1120 
608 962 260 1720 
386 1020 180 1420 
382 1092 100 1420 
368 758 520 1380 
424 774 500 1460 
342 668 640 1340 
670 1096 100 1800 
116 814 440 1040 
130 558 780 1040 
234 444 940 1180 
484 658 660 1540 
210 768 500 1160 
276 924 300 1260 
580 688 620 1680 
196 694 600 1140 
638 976 240 1760 
500 528 840 1560 
328 682 620 1320 
446 352 1080 1480 
124 692 600 1040 
564 928 300 1660 
444 540 820 1480 
488 354 1080 1540 
576 1070 120 1680 
98 600 720 1000 
518 1020 180 1600 
